left_cardinality,left_cardinality_ratio,base_cardinality,selectivity_on_indexed_attr,left_ordered,base_ordered,result_size,sel_on_indexed_attr_with_join_predicate,hj_idx_cost,hj_seq_cost,nl_idx_cost,nl_seq_cost,mj_idx_cost,mj_seq_cost,optimal_decision
117953,0.046652865627343464,2528312,0.8779996297925257,0,1,103567,0.43899961713585983,197025.03000000026,163393.33000000007,233126.85000000056,7427579608.37,122080.54000000004,554599.0700000003,4
152316,0.06024414708311316,2528312,0.6220818474935056,0,1,94757,0.3110407259863498,140743.88999999966,136835.0399999991,248590.19999999925,6794807633.39,94696.43999999948,416952.6599999992,4
122580,0.048482940396596626,2528312,0.02958100107898076,0,1,3626,0.01479050053949038,8872.740000001155,57437.48000000045,235209.00000000093,260114224.38,17698.800000000745,76353.79000000097,2
448243,0.17728943263331423,2528312,0.3449416053082056,0,1,154624,0.1724708026541028,83505.54000000004,112534.3200000003,381757.3499999996,11086857646.339998,97860.04999999981,303624.04000000004,2
735832,0.29103686570328346,2528312,0.8511928116466638,0,1,626359,0.4255962080629289,199938.33000000007,176117.4400000004,511172.4000000004,44910155695.18,201549.91999999993,623982.5,3
310745,0.12290611285316053,2528312,0.7120335623135119,0,1,221269,0.35601697891715894,162971.29000000004,150253.1299999999,319883.25,15865176672.52,126257.36000000034,487506.0499999998,4
604475,0.23908243919263128,2528312,0.6709136372409734,0,1,405566,0.3354570163808897,158060.00999999978,152661.2000000002,452061.75,29078838822.74,160251.2000000002,504562.48000000045,3
949735,0.37563995266406996,2528312,0.7871018292046235,0,1,747567,0.39355111236271473,188786.29000000004,174131.50999999978,607428.75,53599837589.79,222957.91999999993,618179.79,3
745049,0.29468238097196864,2528312,0.025394413347719743,0,1,18921,0.012697008913456884,16840.58999999892,65717.87999999896,515320.0499999989,1356681911.6999998,95492.49999999907,152083.82999999914,2
606746,0.23998066694300388,2528312,0.6506068080205291,0,1,394768,0.3253032062498616,153589.47999999952,150446.79000000004,453083.69999999925,28305780210.760002,157950.9899999993,493557.26999999955,3
924426,0.3656297165856113,2528312,0.18238453165590324,0,1,168608,0.09119206806754862,54273.81000000052,102860.41000000108,596039.7000000011,12089175696.54,139761.9400000004,254950.48000000045,2
430836,0.1704046019636817,2528312,0.867182135749069,0,1,373628,0.43359126563493744,199110.31000000052,170180.46999999974,373924.2000000002,26789887222.989998,161817.5700000003,590422.0499999998,4
919376,0.36363233651543003,2528312,0.7905361363629172,0,1,726828,0.3952680681814586,189114.62000000104,173780.86000000034,593767.2000000011,52112651776.04,219167.25000000093,615802.6500000004,3
556210,0.2199926274921766,2528312,0.824858245343138,0,1,458812,0.412429320431972,191522.9400000004,168657.58000000007,430342.5,32898231990.350002,173444.16000000015,584017.5200000005,3
1098388,0.43443530703489125,2528312,0.08260768449463515,0,1,90739,0.041303842247317576,34632.049999999814,92412.54000000004,674322.6000000006,6505920488.139999,149800.0499999998,235646.6200000001,2
473999,0.1874764665120444,2528312,0.7166433573071678,0,1,339701,0.3583216786535839,166334.84999999963,154655.39999999944,393347.5499999989,24357364127.98,148506.75999999885,512151.669999999,4
1232138,0.48733621483424516,2528312,0.5363839589417762,0,1,660925,0.2681919794708881,137218.95999999996,149953.2600000007,734510.1000000006,47388000131.62,228938.66999999993,517341.0800000001,2
477429,0.18883310287654373,2528312,0.5516368233034531,0,1,263378,0.27581841165172655,129780.70000000019,135915.6900000004,394891.0499999998,18884646120.66,127969.58999999985,420971.8900000006,4
1038365,0.41069496169776515,2528312,0.8367816155601049,0,1,868918,0.4183906100196495,201080.3599999994,182078.25,647312.25,62302014665.59,241987.91000000015,658929.2299999995,3
1009793,0.39939414122940525,2528312,0.8720363626008183,0,1,880610,0.43601818130040915,208491.6099999994,185442.49000000022,634454.8499999996,63139091581.899994,242634.4500000002,674794.2699999996,3
1120134,0.44303630248165576,2528312,0.24084843959131627,0,1,269793,0.12042421979565814,70053.03000000026,113079.85000000056,684108.2999999998,19344255948.43,173872.6799999997,336939.9000000004,2
1094021,0.432708067675192,2528312,0.34098837485247074,0,1,373063,0.17049398966583237,91893.40000000037,124289.45000000019,672357.4500000002,26748747852.530003,183696.5,388839.6799999997,2
1043499,0.4127255655156484,2528312,0.6975420755033398,0,1,727913,0.3487710377516699,170267.56999999937,166041.34999999963,649622.5499999989,52191667243.59,224204.83999999892,581058.6899999995,3
1161760,0.4595002515512326,2528312,0.7759698961204156,0,1,901526,0.3879849480602078,189361.03000000026,178041.41000000015,702840.0,64639747928.48,251285.54000000004,642228.9699999997,3
20738,0.008202310474340193,2528312,0.13880090748293722,0,1,2879,0.06940045374146861,31642.78000000026,82618.88000000035,109796.1000000001,163814018.16,19172.42000000039,121289.53000000026,4
684008,0.27053939545435846,2528312,0.3786921867237904,0,1,259039,0.1893460933618952,94376.79000000004,120791.25,487851.5999999996,18572882988.96,133270.0499999998,353727.5599999996,2
1128740,0.4464401545378893,2528312,0.859025310167416,0,1,969654,0.429512655083708,207312.74000000022,186946.47000000067,687981.0,69523468262.88,257736.02000000048,684545.4000000004,3
1039443,0.4111213331266078,2528312,0.9808235692430365,0,1,1019550,0.49041178462151824,233053.0499999998,198824.24000000022,647797.3499999996,73101580217.83,261282.16000000015,740849.5,3
849793,0.3361108122731688,2528312,0.9653591012501621,0,1,820387,0.4826793528646781,226903.3700000001,192027.6299999999,562454.8499999996,58822458971.42999,232373.00999999978,704720.1399999997,3
536661,0.21226059125614244,2528312,0.30667061660111566,0,1,164585,0.15333550606096083,76282.02000000048,109955.99000000022,421545.4500000002,11800924209.800001,104523.45000000019,294581.4500000002,2
397637,0.1572737067260686,2528312,0.1774986631396758,0,1,70583,0.0887493315698379,45633.06999999937,93214.29999999981,358984.64999999944,5060787968.0,70124.97999999952,183807.9299999997,2
1259509,0.4981620148146273,2528312,0.18200601824458373,0,1,229247,0.09100300912229187,58992.75,108609.41000000015,746827.0500000007,16436766558.609999,184879.04000000004,299963.5600000005,2
783309,0.3098150070086287,2528312,0.7028301886792453,0,1,550555,0.35141509433962265,167706.9600000009,160473.9500000002,532537.0500000007,39474559693.32,188811.03000000026,547281.5300000003,3
9360,0.0037020747439398304,2528312,0.3847994234888732,0,1,3602,0.19239951398403363,86054.22999999998,108445.95999999996,61996.0,204958771.87,48386.950000000186,269691.91000000015,4
1223908,0.48408107860105876,2528312,0.8496558177946393,0,1,1039941,0.42482810665772264,206598.16000000015,188251.0599999996,730806.5999999996,74563746264.95,270000.25,692986.3399999999,3
1194776,0.472558766481352,2528312,0.2145411642234028,0,1,256339,0.10727077987210439,65286.16000000108,111317.81000000052,717697.2000000011,18379352208.34,180474.91000000108,332596.830000001,2
101262,0.040051227854790074,2528312,0.8021620749337898,0,1,81232,0.4010810374668949,179959.3099999996,154875.74999999907,225615.89999999944,5825616250.870001,110622.74999999907,510235.2999999989,4
108102,0.04275659016766918,2528312,0.8637616718189843,0,1,93378,0.43188103366989516,193727.16000000015,161622.2000000002,228693.89999999944,6696421817.06,119086.51999999955,545401.3499999996,4
312769,0.12370664696445692,2528312,0.4995700688839036,0,1,156256,0.2497848366815488,115863.33000000007,126793.47999999952,320794.0499999998,11203866747.36,99831.11000000034,370303.0099999998,4
826566,0.3269240505127532,2528312,0.29127378266606335,0,1,240766,0.14563708909343467,77025.26999999955,113576.33999999985,552002.6999999993,17263274837.8,140959.8099999996,325137.38999999966,2
1234802,0.4883898822613665,2528312,0.2847085328076598,0,1,351572,0.1423542664038299,81425.8200000003,120305.79999999981,735708.8999999994,25207877216.089996,195376.2000000002,376795.41000000015,2
1139505,0.4506979360142261,2528312,0.9086600071510161,0,1,1035463,0.45433000357550807,218475.99000000022,193029.03000000026,692825.25,74241736454.43,265906.75,714297.6800000006,3
852942,0.33735630729118876,2528312,0.5517614123573357,0,1,470639,0.27588050841826484,135191.85000000056,143808.41000000015,563871.9000000004,33744585827.13,178624.42000000086,472615.2100000009,2
24778,0.00980021453048516,2528312,0.9145631551802151,0,1,22662,0.45728137982970457,203800.7799999998,164889.93999999994,120946.1000000001,1289186720.9,114735.62999999989,562844.6800000002,4
538113,0.2128348874664203,2528312,0.22590526802071897,0,1,121567,0.11295283177076247,58387.84000000078,101014.76000000071,422198.85000000056,8716826417.31,94388.70000000019,251149.65000000037,2
395635,0.15648187407250372,2528312,0.48006891554523334,0,1,189939,0.24003445777261667,112726.3599999994,126352.73999999929,358083.75,13619449243.47,108128.04999999981,370550.71999999974,4
340923,0.13484213973591866,2528312,0.8387426077161363,0,1,285958,0.41937150161847114,191513.0499999998,164795.41000000015,333463.35000000056,20503679559.25,146174.5499999998,562222.8799999999,4
1038360,0.4106929840937353,2528312,0.8810210132293799,0,1,914852,0.44051050661468993,210896.84999999963,187213.7000000002,647310.0,65595576088.68,247866.6799999997,683999.4900000002,3
323715,0.12803601770667544,2528312,0.2796387471166533,0,1,90527,0.13981937355832666,67233.37000000011,103064.54999999981,325719.75,6490866356.25,73595.80999999959,251924.64999999944,2
481379,0.19039541006015082,2528312,0.688844968500723,0,1,331608,0.3444226820107645,160274.52000000048,151758.84000000078,396668.55000000075,23776635839.3,145959.74000000022,497661.9400000004,4
1145567,0.4530955831400555,2528312,0.6615148763285544,0,1,757839,0.3307574381642772,163736.76999999955,164238.34999999963,695553.1500000004,54337179911.87,233667.96999999974,575300.1799999997,2
383571,0.1517103110692035,2528312,0.9566718822676948,0,1,366966,0.4783357433734444,218286.79000000004,178781.75,352654.9500000002,26312227706.800003,166762.33000000007,634166.2000000002,4
1085650,0.4293971630083629,2528312,0.671172307848082,0,1,728686,0.335585956163638,165020.6799999997,163966.43999999948,668590.5,52247132634.8,226580.72999999952,572209.5599999996,3
940815,0.3721119070747598,2528312,0.6971441815725274,0,1,655909,0.3485720907862637,168703.89999999944,163561.3099999996,603414.75,47028524793.35,209846.5,566272.0499999998,3
1113147,0.4402727986102981,2528312,0.6788216802356671,0,1,755658,0.33941064235743057,167111.01999999955,165503.39999999944,680964.1499999994,54180741899.649994,231445.62999999896,580425.5999999996,3
416523,0.16474351266774037,2528312,0.8217621084739541,0,1,342296,0.41088125199738007,188830.85000000056,164828.1400000006,367483.35000000056,24543105457.94,154136.16999999993,563017.3300000001,4
900140,0.35602409829166654,2528312,0.3630374732232414,0,1,326797,0.1815187366116207,94000.87000000011,123158.5700000003,585111.0,23431627420.08,160271.35000000056,374721.1900000004,2
244483,0.09669811320754718,2528312,0.03746491730450989,0,1,9160,0.018732656412657932,12369.639999999665,62204.419999999925,290065.3499999996,656860453.0500001,33348.62999999989,95977.89999999944,2
332983,0.13170170453646543,2528312,0.14142558355139714,0,1,47094,0.07071279177569857,36706.139999999665,88168.89999999944,329890.3499999996,3376976524.08,57387.25,161045.65999999922,2
351015,0.1388337357098333,2528312,0.4153771369989147,0,1,145809,0.20768876625986032,97734.20999999996,118383.6099999994,338004.75,10454662239.54,94171.96999999974,329191.4799999995,4
374315,0.1480493704890852,2528312,0.026102791111223614,0,1,9771,0.013051395555611807,11689.519999999553,60145.609999999404,348489.75,700680973.1700001,48023.41000000015,104958.16999999993,2
378041,0.14952308101215356,2528312,0.8513609079892038,0,1,321862,0.4256804539946019,194845.8599999994,167108.83000000007,350166.4500000002,23079064116.050003,152721.33000000007,574328.8499999996,4
1213187,0.4798407000401849,2528312,0.8595944646072162,0,1,1042889,0.4297974300640111,208650.5,189151.04000000004,725982.1499999994,74774763799.83,269813.76999999955,697080.6099999994,3
532575,0.21064449324292256,2528312,0.19192132932960806,0,1,102216,0.09596046690440103,50768.270000000484,97142.45000000019,419706.75,7329048473.61,89323.29000000004,207206.9400000004,2
1178894,0.4662771050408336,2528312,0.33787443954701796,0,1,398334,0.16893721977350898,92419.42000000086,125526.01000000071,710550.3000000007,28560354257.71,194879.6900000004,398708.1500000004,2
438880,0.17358617132695647,2528312,0.5797753600030376,0,1,254462,0.2898874822411158,135465.9600000009,138203.2600000007,377544.00000000093,18245239759.280003,126437.06000000052,431336.42000000086,4
181659,0.07184991409288094,2528312,0.5838634630536105,0,1,106068,0.29193153376640224,132684.28000000026,133171.9400000004,261794.55000000075,7605873897.98,93632.7100000009,399628.9500000002,4
482285,0.1907537519103655,2528312,0.5766764544882119,0,1,278133,0.28833822724410596,135400.27999999933,138782.7999999998,397076.25,19941973569.25,131796.40999999922,435480.5999999996,4
933125,0.36907035207680067,2528312,0.37437507712655715,0,1,349352,0.1871873408028756,96991.86000000034,125092.12999999989,599954.25,25048557224.239998,166233.50999999978,385506.3300000001,2
1118958,0.4425711700138274,2528312,0.9068477308180319,0,1,1014764,0.45342386540901597,217781.83999999985,192288.03000000026,683579.1000000006,72758554355.76,262742.73000000045,710293.6299999999,3
854906,0.33813311015412656,2528312,0.047059065495081306,0,1,40233,0.023529532747540653,23256.400000000373,75397.13999999966,564755.7000000002,2884769947.91,112759.69000000041,180261.9500000002,2
627532,0.24820196241603093,2528312,0.9631418116118581,0,1,604426,0.481571103566332,223222.0499999998,185916.6299999999,462437.4000000004,43336651063.17,201008.2000000002,671834.2999999998,3
1222161,0.48339010375301783,2528312,0.5860870810248102,0,1,716321,0.2930437382728081,148103.9600000009,155606.63000000082,730020.4500000002,51360539903.42,234247.30000000075,543798.4600000009,2
988062,0.3907990785947304,2528312,0.6325485145820611,0,1,625021,0.31627425729103054,155051.1799999997,157215.18999999948,624675.8999999994,44814108524.65,207868.76999999955,536691.0099999998,2
639002,0.25273858606058114,2528312,0.0288959590430295,0,1,18465,0.01444797952151475,16130.46999999974,65329.59999999963,467598.89999999944,1324054357.2600002,82194.91000000015,140506.2000000002,2
672701,0.26606724170118246,2528312,0.02564082280984309,0,1,17249,0.012820411404921545,15862.950000000186,64669.94000000041,482763.4500000002,1236830766.3000002,86113.95000000019,142821.96999999974,2
13430,0.005311844424264094,2528312,0.17159788823531272,0,1,2305,0.08579874635725337,38815.75999999978,85966.25,82107.5,131166995.64999999,22583.02000000002,133649.47999999998,4
276052,0.1091843095314186,2528312,0.9506192273738368,0,1,262431,0.4753096136869184,215402.29000000004,175297.51999999955,304271.39999999944,18817175807.699997,151608.22999999952,616098.4100000001,4
115617,0.04572892902458241,2528312,0.2611279778761482,0,1,30192,0.1305637911776711,60143.609999999404,97287.81999999937,232075.64999999944,2165156723.9799995,45513.79000000004,215687.6799999997,4
645242,0.25520663588987436,2528312,0.5615042763709542,0,1,362320,0.2807521381854771,134375.30000000075,140542.25,470406.9000000004,25978301027.06,151678.04000000004,449298.7000000002,2
1091872,0.4318580934631485,2528312,0.3121849676780397,0,1,340879,0.1560922860786169,85471.95999999996,120891.25,671390.3999999994,24440850464.08,179557.8099999996,372540.33999999985,2
165561,0.0654828201582716,2528312,0.9700135900948933,0,1,160603,0.4850065972870437,218122.67000000086,174483.73000000045,254550.4500000002,11517291315.95,139553.09000000078,612223.3600000003,4
248083,0.09812198810906249,2528312,0.7538923202516146,0,1,187035,0.3769463578862102,171358.0599999996,153288.3799999999,291685.3499999996,13410954809.91,123322.66999999993,502457.1699999999,4
945591,0.37400091444410344,2528312,0.11549088878271353,0,1,109211,0.057745246630953775,39738.639999999665,95525.70999999996,605563.9500000002,7830477022.37,133766.01999999955,230337.0700000003,2
381095,0.15073100155360572,2528312,0.4478363429829863,0,1,170675,0.22391817149149315,105367.75999999978,122526.90000000037,351540.75,12237225267.85,102161.52000000048,350924.7999999998,4
225274,0.08910055404554501,2528312,0.10121654289502245,0,1,22802,0.05060846920791421,26237.049999999814,82009.30999999959,281421.2999999998,1634968121.09,38951.37999999989,131553.8099999996,2
457440,0.1809270374858799,2528312,0.9012471562054051,0,1,412282,0.45062357810270254,207053.3200000003,174612.6200000001,385896.0,29561690679.88,169746.4500000002,613210.46,4
909529,0.35973764313897966,2528312,0.2841041770161278,0,1,258411,0.1420520885080639,76628.23000000045,114279.3200000003,589336.0499999998,18528275667.75,151157.97000000067,332324.53000000026,2
267248,0.10570214435560168,2528312,0.05101308699242815,0,1,13634,0.025506345735811085,15701.179999999702,67458.09999999963,300309.5999999996,977590362.3599999,37840.95999999996,107368.81999999937,2
394957,0.15621371096605166,2528312,0.36376997775590986,0,1,143679,0.18188498887795493,86919.22000000067,113590.11000000034,357778.6500000004,10302379612.140001,93337.19000000041,306827.1900000004,2
667940,0.26418416714392845,2528312,0.45774255708947315,0,1,305756,0.22887127854473657,111678.76000000071,129362.45999999996,480621.0,21922688933.680004,141335.5700000003,394999.75,2
373759,0.14782946092096227,2528312,0.4516997902157645,0,1,168833,0.22584989510788225,106122.01000000071,122805.0700000003,348239.55000000075,12105181961.03,101697.31000000052,352078.23000000045,4
1182424,0.4676732934859305,2528312,0.10312849047111275,0,1,121946,0.051564047475153384,40391.33999999985,98010.48999999929,712138.7999999998,8743617599.580002,163832.20999999996,257031.96999999974,2
1120469,0.44316880195165786,2528312,0.09075066684807888,0,1,101687,0.04537533342403944,36759.549999999814,95542.37999999989,684259.0499999998,7291052693.900001,153850.9500000002,243700.25999999978,2
46775,0.018500485699549738,2528312,0.3642014909552302,0,1,17036,0.1821009432380181,82020.90999999968,106983.61999999965,170524.75,969167368.48,49194.419999999925,261877.65999999968,4
147070,0.058169244934960555,2528312,0.45488650134951697,0,1,66903,0.22744344843516148,103575.22999999952,118616.39999999944,246229.5,4797197769.1,73312.71999999974,324474.4899999993,4
63004,0.024919392859741995,2528312,0.4037065045769668,0,1,25436,0.2018532522884834,91016.55999999959,111492.99999999953,198811.7999999998,1446995412.27,55592.00999999978,284830.1299999999,4
1223320,0.48384851236714455,2528312,0.4464986916171738,0,1,546232,0.2232493458085869,117153.31999999937,139170.5499999998,730541.9999999991,39164220916.079994,215602.2999999998,465674.1799999997,2
804015,0.31800466081717765,2528312,0.4018230344989068,0,1,323084,0.2009115172494534,101227.1099999994,125732.74000000022,541854.75,23165724793.25,152373.41000000015,382829.2000000002,2
1087006,0.429933489221267,2528312,0.551535569977123,0,1,599546,0.2757677849885615,138501.16999999993,148696.08000000007,669200.7000000002,42987769295.9,210817.5599999996,505299.66000000015,2
82728,0.03272064523682204,2528312,0.4480633719256168,0,1,37069,0.2240316859628084,101139.74000000115,116601.15000000037,217275.60000000056,2108719937.12,62975.73000000045,310886.55000000075,4
700714,0.2771469660390015,2528312,0.7422517474109208,0,1,520126,0.3711258737054604,175265.86999999918,162954.5499999998,495369.2999999998,37292848036.39,182577.83999999985,557818.169999999,3
659247,0.2607459047775749,2528312,0.5859929470729879,0,1,386329,0.29299627577609094,140005.17999999877,143586.79999999888,476709.14999999944,27699631142.65,156724.68999999948,464826.00999999885,2
736109,0.2911464249665389,2528312,0.3612101670996301,0,1,265900,0.18060508354981505,91243.94000000041,119818.74000000022,511297.05000000075,19065517923.12,137965.88000000082,351237.8900000006,2
113418,0.04485917877224013,2528312,0.5553116071117805,0,1,62985,0.27765560579548726,125373.38999999966,128668.84999999963,231086.09999999963,4516603637.400001,81618.26999999955,375275.14999999944,4
1175068,0.46476384243716756,2528312,0.4307628963513997,0,1,506195,0.21538164593610282,112970.25999999978,136361.919999999,708828.5999999996,36294439111.090004,206825.15999999922,450164.64999999944,2
492968,0.1949791006806122,2528312,0.5526600356285142,0,1,272454,0.2763298200538541,130228.95999999903,136355.0599999996,401883.5999999996,19535361732.659996,130159.74999999907,423638.9299999997,4
1043501,0.41272635655726037,2528312,0.15508568562740674,0,1,161838,0.07754264505330039,49926.50999999978,101750.5,649623.4500000002,11603917215.78,152100.24000000022,259624.70999999996,2
173987,0.06881547846942941,2528312,0.09186959520818633,0,1,15985,0.045934995364496155,23430.739999999292,80161.41000000015,258342.14999999944,1146274024.3700001,31549.429999999702,121552.72999999952,2
596002,0.23573119140359258,2528312,0.5032848002936346,0,1,299970,0.2516422023864143,120754.05999999959,133006.13999999966,448248.89999999944,21508523690.399998,137575.51999999955,410330.9500000002,2
1243369,0.491778309006167,2528312,0.8006242900401532,0,1,995510,0.4003121450200766,195999.91000000015,182950.46999999974,739564.0499999998,71377975830.95999,266155.8799999999,667958.4900000002,3
1033676,0.40884036463854145,2528312,0.8496131015475938,0,1,878259,0.4248067485341999,203861.56000000052,183449.73000000045,645202.2000000011,62970598665.69,243030.65000000037,665525.6400000006,3
1253574,0.4958145988311569,2528312,0.0497007489581982,0,1,62306,0.024850572239502086,29561.919999999925,82732.25999999978,744156.2999999998,4467402975.42,166214.72999999952,235066.31999999937,2
587702,0.23244836871398783,2528312,0.068704732643756,0,1,40379,0.03435256408228098,24224.860000000335,79025.37000000011,444513.89999999944,2895284091.2200003,80679.09999999963,159308.6799999997,2
432258,0.17096703254978024,2528312,0.41037340328250627,0,1,177394,0.20518670164125313,97790.62000000011,119427.98000000045,374564.10000000056,12719208389.45,104079.8200000003,337200.5700000003,2
615793,0.24355894367467307,2528312,0.2518795148700002,0,1,155112,0.1259397574350001,65263.33999999985,105296.39999999944,457154.8499999996,11121875067.02,107879.08999999985,275494.96999999974,2
331100,0.13095693885881174,2528312,0.9549750980100558,0,1,316205,0.4774877467654309,217159.58999999985,177218.16000000015,329043.0,22673793453.93,159493.5,626024.5299999993,4
428837,0.16961395587253472,2528312,0.8628634440686118,0,1,370042,0.4314317220343059,198126.08999999985,169654.1299999999,373024.64999999944,26532168638.32,161002.46999999974,587724.5800000001,4
566810,0.22418514803552725,2528312,0.6471728963830413,0,1,366838,0.32358664595192366,152255.65000000037,149137.29000000004,435112.5,26303225891.95,152118.4500000002,486153.7999999998,3
101491,0.04014180211935869,2528312,0.35539522021016395,0,1,36071,0.17769761010508198,80852.79000000004,107088.84999999963,225718.9500000002,2586584845.89,55475.01999999955,264731.4900000002,4
607986,0.2404711127424147,2528312,0.8868106467872636,0,1,539189,0.4434053233936318,206005.47000000067,176872.16999999993,453641.7000000002,38660468246.6,188484.72000000067,626054.1000000006,3
185618,0.07341578096374182,2528312,0.2847488759298694,0,1,52857,0.1423744379649347,66385.76999999955,101091.47999999952,263576.0999999996,3790088804.7599998,56939.25,237034.0499999998,4
1182211,0.46758904755425756,2528312,0.1923678723195555,0,1,227428,0.09618393615977774,60187.37000000104,108492.8200000003,712042.9500000002,16306805290.15,175791.79000000097,293803.6600000011,2
1020461,0.4036135571875623,2528312,0.938239030625967,0,1,957473,0.4691193175525805,223334.02000000048,193386.73000000045,639255.4500000002,68651274385.04,252928.77000000048,713893.1100000003,3
963907,0.38124527352636856,2528312,0.500134872594838,0,1,482102,0.250067238537016,125328.3200000003,140183.56000000052,613806.1500000004,34566225338.630005,187024.9500000002,459364.3800000008,2
1142423,0.45185206572606545,2528312,0.13611690329358087,0,1,155509,0.06805845164679043,47136.99000000022,101212.66999999993,694138.3500000006,11149869685.000002,162869.5700000003,265121.46999999974,2
1170119,0.46280640996838995,2528312,0.09788072041741684,0,1,114537,0.04894016244830543,39052.70999999996,97192.40000000037,706601.5499999998,8212360736.44,161473.48000000045,253249.5499999998,2
233747,0.09245180183458371,2528312,0.7560115207300365,0,1,176722,0.37800556260461526,171621.87999999896,153168.5399999991,285234.14999999944,12671541014.849998,121728.81999999937,501738.00999999885,4
78634,0.03110138305715434,2528312,0.20216808685004065,0,1,15898,0.10108404342502032,46529.48000000045,90340.83000000007,215433.2999999998,904416002.4900001,32259.85000000056,151774.6799999997,4
521391,0.20622098854888163,2528312,0.5502331199630426,0,1,286898,0.2751163622211183,130098.8200000003,136683.3799999999,414673.9500000002,20571570907.16,133631.7999999998,426148.28000000026,2
358881,0.14194490236964424,2528312,0.8619691715262989,0,1,309356,0.43098478352355246,196920.75,167783.23000000045,341544.4500000002,22180865283.33,151492.30000000075,577655.9700000007,4
478749,0.18935519034043266,2528312,0.4486341084486408,0,1,214791,0.2243172519847234,106947.49999999907,124565.47999999952,395485.0499999989,15401241584.86,115033.92999999877,364381.57999999914,2
449130,0.1776402595882154,2528312,0.6849170513765707,0,1,307629,0.34245852568828533,158938.46999999974,150565.66000000015,382156.5,22057255550.07,141144.66999999993,491084.7999999998,4
721937,0.2855411041042403,2528312,0.8289922288072041,0,1,598503,0.41449631216400507,194815.97999999952,173261.77999999933,504919.64999999944,42913777814.77,196746.52999999933,609524.6199999992,3
615007,0.24324806432117554,2528312,0.14958082704982614,0,1,91997,0.07479061128531606,42556.92000000086,93841.26000000071,456801.1500000004,6596265970.559999,94615.33000000007,200605.40000000037,2
1021120,0.4038742053987008,2528312,0.040125981287119625,0,1,40975,0.020063188403962803,24101.799999999814,75491.8599999994,639551.9999999991,2937991203.68,133840.75999999978,197819.9299999997,2
700553,0.2770832871892393,2528312,0.7838482750546609,0,1,549149,0.3919239397669275,184492.86000000034,167638.60000000056,495296.85000000056,39373612312.40001,187942.6900000004,581137.7200000007,3
772847,0.30567706833650277,2528312,0.5288069668616848,0,1,408703,0.2644032856704394,128951.64999999944,139525.2399999993,527829.1499999994,29304257121.070004,164711.54999999888,448740.5999999996,2
237729,0.09402676568398204,2528312,0.8702347653295954,0,1,206888,0.4351171849043947,197018.53000000026,165606.02000000048,287026.0499999998,14833766257.45,136507.23000000045,565951.2300000004,4
448968,0.17757618521764718,2528312,0.015487803720426909,0,1,6954,0.007743901860213454,10266.499999999069,57466.109999999404,382083.5999999996,498650678.23999995,55958.93999999948,107775.88999999966,2
359739,0.14228425922117208,2528312,0.6710591888975728,0,1,241416,0.3355297922091894,154582.59999999963,146944.6200000001,341930.5499999998,17309470910.780003,127536.45000000019,471303.1200000001,4
824441,0.3260835688000532,2528312,0.8480674062378377,0,1,699209,0.42403390087932186,200516.29000000004,177996.20999999996,551046.4500000002,50132937549.4,213467.06999999937,634763.2000000002,3
43724,0.017293751720515504,2528312,0.8711377393296397,0,1,38091,0.43556886966481984,194437.63999999966,160772.56000000006,164547.7999999998,2166872507.76,111225.58999999985,540472.1199999992,4
152023,0.06012825948696205,2528312,0.82129460288129,0,1,124861,0.410647103680242,184934.1400000006,158182.50999999978,248458.35000000056,8952883850.500002,119363.98000000045,527383.0,4
576837,0.2281510351570534,2528312,0.6364349020215859,0,1,367133,0.31821745101079296,150013.96999999974,148171.01999999955,439624.64999999944,26323153980.05,152089.19999999925,481548.13999999966,3
1168612,0.4622103601137834,2528312,0.8767533437328937,0,1,1024624,0.43837667186644685,211819.6400000006,190037.7999999998,705923.4000000004,73465609475.18,265777.1299999999,700381.54,3
629390,0.24893684007353523,2528312,0.25565555200465767,0,1,160913,0.12782757824192584,66294.91999999993,105962.73000000045,463273.5,11537418444.45,110150.65000000037,279355.5800000001,2
1223888,0.4840731681849392,2528312,0.9374187204743718,0,1,1147340,0.4687095579975889,226071.91000000015,198600.60000000056,730797.6000000006,82264535513.56001,281824.85000000056,742942.1900000004,3
39336,0.015558206423890723,2528312,0.02581603852689067,0,1,1016,0.012908217023848322,6817.479999999981,54774.32999999961,155513.19999999972,57835957.58,6894.389999999665,63529.279999999795,2
183214,0.07246494894617436,2528312,0.41422419384949327,0,1,75895,0.20711209692474664,95075.43999999948,114968.76999999955,262494.2999999998,5442103037.250001,72739.44999999925,306857.4899999993,4
997173,0.39440266865798207,2528312,0.10892326579947412,0,1,108620,0.05446163289973706,39018.79000000004,95623.6799999997,628775.8499999996,7787970244.31,139769.61000000034,234549.15000000037,2
269746,0.10669015532893092,2528312,0.8225369337328621,0,1,221885,0.41126846686643104,186898.21999999974,161252.6299999999,301433.69999999925,15909825515.76,134737.6799999997,543589.3199999994,4
273204,0.10805786627599759,2528312,0.36653862339774523,0,1,100144,0.18326931169887262,85786.24000000022,111563.6799999997,302989.7999999998,7180404223.8,78088.59999999963,292435.66000000015,4
414483,0.16393665022354836,2528312,0.5590287116463475,0,1,231717,0.2795145535835767,130515.11999999918,135406.63999999966,366565.3499999996,16614378995.48,120589.43999999948,416586.1199999992,4
1130934,0.4473079271862017,2528312,0.4602402709792146,0,1,520522,0.23012033325001027,118877.21999999974,138937.28000000026,688968.2999999998,37321204180.799995,204690.83000000007,460568.78000000026,2
9725,0.0038464398381212444,2528312,0.7581018481896221,0,1,7373,0.37905092409481106,168871.09000000032,147949.01000000024,63920.25,419469359.8,94176.90000000037,474500.28000000026,0
809747,0.32027178607703477,2528312,0.6977971864231947,0,1,565061,0.34889839545119433,166968.2899999991,160530.12999999896,544434.1499999994,40514811299.77,191794.02999999933,548171.4299999988,3
710123,0.28086842130243417,2528312,0.3226326497679084,0,1,229118,0.1613163248839542,82310.8900000006,114970.25999999978,499603.35000000056,16427571207.470001,129490.78000000026,326611.6400000006,2
992049,0.39237602004815864,2528312,0.2963562250228611,0,1,294011,0.14817791475102757,80525.47999999952,117203.97999999952,626470.0499999989,21080400321.49,163904.7399999993,350217.1199999992,2
1067068,0.422047595391708,2528312,0.26253761402864834,0,1,280156,0.1312686092539212,74099.88999999966,114653.94999999925,660228.5999999996,20087290163.309998,169570.82999999914,341698.1299999999,2
878235,0.3473602150367518,2528312,0.1665692367081278,0,1,146293,0.08328481611446689,50102.139999999665,100252.21999999974,575253.75,10489062682.789999,131518.9299999997,242261.43999999948,2
741540,0.2932944984637972,2528312,0.961528086723474,0,1,713039,0.48076424112214,224497.1400000006,188737.7999999998,513741.0,51124039264.229996,216674.52000000048,687082.4199999999,3
1262514,0.49935055483658664,2528312,0.7383736659083214,0,1,932243,0.3691870307145637,182465.96999999974,176060.15999999922,748179.2999999998,66841405896.57,260463.81999999937,635440.9899999993,3
843053,0.33344500204088734,2528312,0.14360134350507375,0,1,121068,0.07180047399213388,44501.8200000003,97028.16999999993,559421.8500000006,8680559306.43,123834.66000000015,228162.95999999996,2
130062,0.05144222706691263,2528312,0.08902698717563338,0,1,11579,0.04451349358781669,22169.20999999903,79138.7899999991,238575.89999999944,830504077.81,25939.52999999933,115088.34999999963,2
800730,0.3167053749695449,2528312,0.18602055442524498,0,1,148958,0.09301027721262249,53307.40000000037,101134.95999999996,540376.5,10680235929.52,123768.94000000041,239984.34999999963,2
173512,0.06862760608659058,2528312,0.5301469913523331,0,1,91990,0.26507329791576356,120651.85000000056,127228.95999999996,258128.40000000037,6596086872.099999,85935.16999999993,369038.45999999996,4
1152474,0.45582744534693503,2528312,0.9486289666781631,0,1,1093313,0.47431448333908155,227533.2000000002,198049.5499999998,698661.2999999998,78389531967.88,273113.4900000002,738932.3700000001,3
1100857,0.43541184790484716,2528312,0.8453177455946893,0,1,930610,0.4226590705577476,203872.7000000002,184643.40000000037,675433.6500000004,66724880846.74,251953.6400000006,672755.5800000001,3
346776,0.137157123013299,2528312,0.829046415157623,0,1,287505,0.4145232075788115,189447.28000000026,163883.7100000009,336097.2000000011,20613955692.4,145732.7600000007,557594.2600000007,4
330034,0.1305353136796408,2528312,0.36362403057850456,0,1,120013,0.18181221304965525,85955.74000000022,112333.37000000011,328563.2999999998,8605009116.91,84962.49000000022,298231.4900000002,4
1136159,0.4493745233974288,2528312,0.08535220336730594,0,1,96977,0.04267590392324998,35785.99000000022,94045.20000000019,691319.5500000007,6953369339.849999,155232.53000000026,242508.6400000006,2
221338,0.0875437841532216,2528312,0.8408123680938112,0,1,186111,0.4204061840469056,190257.83999999985,162016.41999999993,279650.10000000056,13344159874.07,130700.04000000004,547347.8600000003,4
26982,0.010671942386857319,2528312,0.47065433380057525,0,1,12700,0.23532696913988463,105354.83000000007,117884.37000000011,126709.8999999999,722486703.1500001,60450.14000000013,317903.06000000006,4
590878,0.23370454279376912,2528312,0.08318039862168909,0,1,49151,0.041590199310844546,27480.19000000041,84352.3900000006,445943.10000000056,3524314650.92,82947.52000000048,169091.79000000097,2
21876,0.008652413151541423,2528312,0.060574011435297545,0,1,1325,0.030287005717648773,14306.959999999963,66968.33000000007,113016.19999999972,75449342.41,9671.60999999987,83721.70999999996,4
725847,0.28708759045560833,2528312,0.7420255095099022,0,1,538618,0.3710127547549511,175578.7199999988,163537.9899999993,506679.14999999944,38620044117.34,186003.74999999907,561211.7399999993,3
609266,0.2409773793740646,2528312,0.4528926809665896,0,1,275943,0.2264463404832948,109761.5399999991,127645.01999999955,454217.69999999925,19784856300.199997,132864.8799999999,384339.7299999995,2
779641,0.30836423669230695,2528312,0.28634559342359645,0,1,223255,0.14317299447220122,75260.97999999952,112155.51999999955,530886.4500000002,16007721907.52,134044.38999999966,316153.6899999995,2
1088497,0.43052321074297795,2528312,0.17045245998120484,0,1,185544,0.08522603223019944,53978.08999999985,104305.94000000041,669871.6500000004,13303340619.36,160193.21999999974,272022.8700000001,2
221311,0.08753310509146023,2528312,0.02181850974088641,0,1,4829,0.010909254870443206,8495.070000000298,56193.8200000003,279637.9500000002,346300797.65,28492.510000000708,83345.88000000082,2
808469,0.3197663104869969,2528312,0.6098827992747731,0,1,493090,0.30494139963738653,147449.66999999993,150499.59999999963,543859.0499999998,35355286589.62,180142.29000000004,498820.0700000003,2
1029087,0.4070253196599154,2528312,0.5526952369802461,0,1,568794,0.27634761849012307,137924.9299999997,147614.00999999978,643137.1499999994,40782003606.9,202957.51999999955,497790.41000000015,2
364448,0.1441467666965153,2528312,0.7685613959036701,0,1,280112,0.38428089571223806,176280.15999999922,157714.56999999937,344049.5999999996,20084750040.24,140455.75,526210.6399999997,4
313799,0.12411403339461269,2528312,0.9208934656798686,0,1,288987,0.4604467328399343,209350.74999999907,173054.3599999994,321257.5499999989,20720769482.8,152896.3599999994,604547.3499999996,4
701860,0.27760023288265057,2528312,0.9747527203921035,0,1,684166,0.48737655795645474,226862.25999999978,189184.6200000001,495885.0,49055141291.23,212847.04000000004,688923.2599999998,3
878413,0.3474306177402156,2528312,0.8054393603321109,0,1,707536,0.40271968016605547,191835.47000000067,174478.13000000082,575333.8500000006,50729459538.13,215410.84000000078,618386.3500000006,3
1187659,0.46974384490521737,2528312,0.985439297048782,0,1,1170411,0.492719648524391,236203.59000000078,203297.80000000075,714494.5500000007,83917008867.68001,283090.86000000034,765041.1600000001,3
313260,0.12390084768019137,2528312,0.5538845680438174,0,1,173517,0.2769420862615057,127921.94000000041,132714.48000000045,321015.0,12441644180.63,106719.11000000034,400268.1200000001,4
204005,0.08068822202323131,2528312,0.2161742696312797,0,1,44102,0.10808713481563985,51435.04000000004,94043.66999999993,271850.25,3162498867.1800003,50666.45999999996,202616.78000000026,4
577410,0.22837766857887792,2528312,0.28637090675517896,0,1,165360,0.14318565113799248,72363.03000000026,108449.0,439882.5,11856656491.949999,107267.56000000052,289015.1900000004,2
1073851,0.42473041301864645,2528312,0.7098063846550584,0,1,762256,0.3549031923275292,173424.8200000003,168188.1400000006,663280.9500000002,54654326427.43001,230082.75,592284.7600000007,3
555364,0.2196580168903205,2528312,0.14058510183869713,0,1,78079,0.07029274867975155,39707.259999998845,91830.11999999918,429961.7999999989,5598531296.710001,85711.36999999918,189200.89999999944,2
1030279,0.40749678046063936,2528312,0.6945092219631122,0,1,715566,0.3472546109815561,169404.24000000022,165373.93000000063,643673.5500000007,51305476580.12,221956.03000000026,577466.6800000006,3
857315,0.3390859197757239,2528312,0.15121472349931495,0,1,129644,0.07560736174965747,46397.6799999997,98140.01999999955,565839.75,9295576148.35,126727.16999999993,233172.99000000022,2
1203485,0.4760033571806011,2528312,0.7847670698869443,0,1,944492,0.39238353494347217,191909.61999999918,180097.71999999974,721616.25,67719428648.93001,258364.13999999966,653214.5099999998,3
852705,0.3372625688601723,2528312,0.7671039017336468,0,1,654139,0.3835519508668234,182961.49000000022,169464.0700000003,563765.25,46902183871.4,206805.41000000015,593150.5600000005,3
79286,0.031359262622651,2528312,0.32268011226462556,0,1,25585,0.16134005613231278,73275.54000000004,103182.79000000004,215726.7000000002,1455465201.47,47181.140000000596,242546.5499999998,4
766882,0.30331778672885307,2528312,0.8534132654514158,0,1,654493,0.4267068304861109,200875.9500000002,177152.2000000002,525144.9000000004,46927429549.130005,206149.79000000004,629621.1600000001,3
411721,0.16284422175744132,2528312,0.4667493568831695,0,1,192178,0.23337467844158474,110003.12000000011,125216.50999999978,365322.4500000002,13779621171.05,108543.03000000026,365374.58999999985,4
189576,0.07498125231379671,2528312,0.46168036223377495,0,1,87527,0.23084018111688748,105693.20000000112,120196.76000000071,265357.2000000011,6275855810.039999,79433.12000000104,333563.3900000006,4
277980,0.10994687364534124,2528312,0.17448242147329918,0,1,48505,0.08724121073664959,43250.60000000056,90825.48000000045,305139.00000000093,3477859739.1800003,54637.710000000894,167192.54000000097,2
890983,0.35240231427133994,2528312,0.2207089156718,0,1,196656,0.11035426007549701,62295.6799999997,106674.6799999997,580990.3499999996,14100193664.31,140331.1799999997,295019.3599999994,2
461057,0.18235763624109683,2528312,0.08610408841946722,0,1,39700,0.04305204420973361,26267.78000000026,83296.66000000015,387523.6500000004,2846631985.79,66630.79000000004,154295.04000000004,2
888156,0.3512841769528444,2528312,0.8911989501295726,0,1,791554,0.4455992773043833,211001.16999999993,184545.36000000034,579718.2000000002,56755534711.909996,228039.1200000001,668216.6500000004,3
847368,0.3351516743186759,2528312,0.11456972082559432,0,1,97086,0.05728486041279716,38124.06999999937,93789.01999999955,561363.5999999996,6961291809.040001,120606.25999999978,216928.13999999966,2
1062281,0.4201542372934986,2528312,0.3863799246295552,0,1,410460,0.19318976455437462,101506.8200000003,128968.94000000041,658074.4500000002,29430123812.57,185410.55000000075,409817.3400000008,2
767527,0.30357289764870793,2528312,0.39005470843788265,0,1,299389,0.19502735421894132,98093.31000000052,123687.04000000004,525435.1500000004,21466588045.75,145928.5,371352.70999999996,2
412148,0.16301310914159328,2528312,0.4300208993193878,0,1,177239,0.21501064742009687,101861.40999999922,121191.95999999996,365514.5999999996,12707929024.11,103947.45999999996,345285.96999999974,2
727892,0.28789643050383024,2528312,0.5223176569980287,0,1,380206,0.26115882849901434,126864.3200000003,137858.61000000034,507599.4000000004,27260262431.5,157769.33000000007,438934.1400000006,2
71713,0.028363983558991137,2528312,0.7827242049240758,0,1,56134,0.3913623002224409,175224.05000000028,152076.7200000002,212038.8500000001,3193220697.3199997,103129.63000000035,494085.0200000005,4
1219015,0.4821457952974158,2528312,0.23919397605991666,0,1,291592,0.11959679026955534,71101.33000000007,114650.3599999994,728604.75,20907004240.51,187087.20999999996,349460.5099999998,2
823725,0.325800375902974,2528312,0.8938014770328978,0,1,736275,0.4469005407560459,210651.08999999985,183188.66999999993,550724.25,52791028870.240005,219345.0,660490.96,3
973491,0.38503594493084714,2528312,0.6514504538996769,0,1,634206,0.32572522694983846,159041.0599999996,159063.5599999996,618118.9500000002,45473262490.59,208353.3099999996,545241.2000000002,2
855173,0.3382387142093223,2528312,0.5733568483636513,0,1,490338,0.28667822642142265,140015.77000000048,146322.27000000048,564875.8499999996,35156928514.76,181760.02000000048,484957.2400000002,2
1179742,0.4666125066843016,2528312,0.9246655476064662,0,1,1090909,0.4623329715636361,222607.4400000004,195948.5100000007,710931.9000000004,78217718019.64001,273794.7000000002,729246.5200000005,3
1083812,0.4286701957669781,2528312,0.9171803163533615,0,1,994090,0.45859015817668075,219569.90000000037,192586.11000000034,667763.4000000004,71276099625.41998,259123.77000000048,711082.7000000002,3
5038,0.0019926338205094943,2528312,0.7287601371982572,0,1,3672,0.3643798708387256,162299.22999999998,144735.24000000022,36855.10000000009,208927877.51,90190.37999999989,457866.6299999999,0
177104,0.07004831682165809,2528312,0.8333975395441702,0,1,147604,0.4166985720116821,187977.33000000007,160107.84999999963,259744.7999999998,10583635703.4,124066.46999999974,537389.0,4
868005,0.3433140371916124,2528312,0.40341737886779794,0,1,350182,0.201708491673496,102495.80000000075,127160.08000000007,570650.25,25107627019.69,161223.65000000037,392509.48000000045,2
753157,0.29788926366682594,2528312,0.14267305617344694,0,1,107459,0.07133652808672347,43010.550000000745,95405.63000000082,518968.6500000004,7705089297.57,111835.55000000075,215905.4400000004,2
882520,0.349055021690361,2528312,0.21443239600175928,0,1,189248,0.10721619800087964,60784.25999999978,105806.50999999978,577181.9999999991,13569413364.88,138379.64999999944,290456.81999999937,2
199899,0.07906421359389189,2528312,0.026764892940428237,0,1,5350,0.013382446470214119,9342.61999999918,57641.65999999922,270002.5499999989,383734888.61,26568.199999999255,83828.44999999925,2
427547,0.16910373403282505,2528312,0.7007805998626752,0,1,299628,0.3503902999313376,162147.89999999944,151801.08999999892,372444.14999999944,21484469540.24,140280.5599999996,496981.8599999994,4
359120,0.14203943184227263,2528312,0.11209573818421144,0,1,40257,0.056047671331702735,30572.099999999627,85405.6099999994,341651.99999999907,2886679991.08,56983.139999999665,152625.7899999991,2
511028,0.20212220643654738,2528312,0.04298599223513554,0,1,21968,0.02149299611756777,17420.340000000782,68436.43000000063,410010.60000000056,1575201849.06,67526.63000000082,132958.15000000037,2
917054,0.3627139372039527,2528312,0.029727739297998032,0,1,27263,0.014863671888596029,20303.330000000075,70014.86000000034,592722.2999999998,1954818922.25,118680.1799999997,177403.8700000001,2
1177595,0.4657633235138701,2528312,0.4564140027021982,0,1,537492,0.2282068035906961,118695.00999999978,139423.04000000004,709965.75,38537467075.56,210614.3700000001,464933.3099999996,2
3467,0.0013712706343204477,2528312,0.38474998338812616,0,1,1334,0.19237499169406308,85957.02000000048,108327.62000000011,26424.150000000373,75950764.77000001,47912.770000000484,269198.2700000005,0
776078,0.3069549960606128,2528312,0.1642218207246574,0,1,127454,0.0821109103623287,48117.240000001155,98236.55000000075,529283.1000000006,9138593605.91,117662.03000000119,227745.95000000112,2
562695,0.22255757991893405,2528312,0.6930370935232677,0,1,389984,0.34651854676163385,162370.3700000001,154147.66000000015,433260.75,27963006723.149998,157438.45999999996,511153.9199999999,3
703734,0.27834143887305046,2528312,0.15615200972031934,0,1,109894,0.07807580709975667,45288.35000000056,96088.62999999989,496728.2999999998,7879500718.349999,107077.65000000037,214903.56000000052,2
833706,0.3297480690674252,2528312,0.48625644303392934,0,1,405411,0.24312822151696467,120381.77000000048,135935.78000000026,555215.7000000002,29067421043.690002,167422.91000000015,433557.4199999999,2
920492,0.3640737377348998,2528312,0.6760538256354437,0,1,622326,0.33802711057812485,163733.74000000022,160657.33000000007,594269.4000000004,44620796525.01,204247.5700000003,551561.4400000004,3
290184,0.11477380956147817,2528312,0.007330978138774012,0,1,2127,0.003665686829789994,2075.3300000000745,48092.3200000003,310630.7999999998,80725204.10999998,34883.21999999974,81912.75,2
654147,0.2587287486670949,2528312,0.22887483823199037,0,1,149724,0.11443761687639817,60710.259999998845,103403.29999999888,474414.14999999944,10735086682.31,109958.08999999892,268035.6199999992,2
404317,0.1599157857099915,2528312,0.5893608067358775,0,1,238298,0.29468040336793877,137100.97999999952,138520.9500000002,361990.64999999944,17087097719.17,123094.6099999994,431994.6699999999,4
1008358,0.39882656887282897,2528312,0.9325996949743545,0,1,940431,0.46630004524758023,221908.27000000048,192417.56000000052,633809.1000000006,67429133382.759995,250463.23000000045,708942.1100000003,3
914611,0.36174767987495215,2528312,0.8651550916184395,0,1,791311,0.43257754580921975,205601.75000000093,182232.11000000034,591622.9500000002,56738002477.61,228328.53000000026,657262.3500000006,3
876719,0.34676060549489146,2528312,0.624276592445869,0,1,547336,0.3121382962229345,151622.6200000001,153704.2000000002,574571.5499999998,39244826078.45,191399.3799999999,516402.9000000004,2
675490,0.26717034922905086,2528312,0.8092525764225301,0,1,546663,0.40462648597166806,189768.5,169879.29000000004,484018.5,39195130767.34999,187778.25,591896.3200000003,3
216801,0.08574930625650631,2528312,0.31241081005825233,0,1,67734,0.15620540502912617,72970.0,104647.41999999993,277608.4500000002,4857004860.79,64243.110000000335,255885.91000000015,4
611785,0.24197369628431933,2528312,0.8267840361474375,0,1,505834,0.4133920180737187,192743.63999999966,170258.5399999991,455351.25,36268282381.630005,181287.47999999952,592833.2199999997,3
1123467,0.44435457332797534,2528312,0.12064056967652727,0,1,135541,0.06032008707786064,43430.46999999974,99084.79999999981,685608.1500000004,9718198706.63,158246.20999999996,256232.6299999999,2
924379,0.36561112710773036,2528312,0.7098827201706118,0,1,656226,0.3549411623249029,171295.23000000045,164636.8900000006,596018.5500000007,47051812773.520004,209243.6400000006,571108.5100000007,3
395974,0.15661595562572975,2528312,0.761804318454368,0,1,301666,0.38090235698758695,175234.3099999996,157744.18999999948,358236.2999999998,21630727811.72,143797.89999999944,526716.8300000001,4
23843,0.009430402576897154,2528312,0.011211432766209234,0,1,267,0.005605716383104617,2034.720000000205,48178.669999999925,118437.3500000001,10185608.3,3544.100000000093,51825.72999999998,2
990886,0.391916029350808,2528312,0.4087402978746294,0,1,405031,0.2043703466977177,105441.37000000011,130173.58999999985,625946.7000000002,29040204435.32,178625.91999999993,412460.6500000004,2
174937,0.06919122323510705,2528312,0.8968058530750952,0,1,156891,0.4484027287771446,202015.4899999993,166865.83999999985,258769.64999999944,11251115495.220001,131670.75,572494.7699999996,4
888605,0.3514617657947279,2528312,0.4509566066213347,0,1,400738,0.22547850107107034,113340.22000000067,133009.31000000052,579920.25,28732758654.02,170262.3799999999,421614.9000000004,2
364135,0.14402296868424466,2528312,0.3555874433218685,0,1,129487,0.17779372166093424,84659.79000000004,112106.0,343908.75,9284440310.17,88325.46999999974,298320.8499999996,2
871804,0.34481662073351704,2528312,0.2905329721964694,0,1,253298,0.1452664860982347,77512.93999999948,114323.89999999944,572359.7999999998,18161699153.859997,146931.72999999952,330798.5999999996,2
316087,0.12501898499868688,2528312,0.5952311265381804,0,1,188152,0.2976155632690902,137136.83000000007,137669.25,322287.14999999944,13491696076.279999,112283.75,423466.81999999937,4
399254,0.15791326386933258,2528312,0.5556932846895478,0,1,221871,0.2778466423447739,129556.61000000034,134719.66000000015,359712.2999999998,15908793352.820002,118166.37999999989,412700.91000000015,4
1073824,0.42471973395688506,2528312,0.6700945136517962,0,1,719591,0.3350472568258981,164613.04000000004,163562.3099999996,663268.7999999998,51593834561.76,224785.89999999944,569919.29,3
1073390,0.42454807792709126,2528312,0.45866253848417443,0,1,492343,0.22933126924208722,117702.70999999996,137597.84000000078,663073.5,35301031599.31999,196560.1200000001,451622.20999999996,2
96649,0.03822669037682058,2528312,0.6725265710877455,0,1,65002,0.33626308778346975,151137.0999999987,140937.40999999922,223540.04999999888,4661769068.280001,94050.3499999987,437784.50999999885,4
475158,0.18793487512617113,2528312,0.48785909333974603,0,1,231819,0.24392954666987302,115599.91999999993,128825.95000000019,393869.10000000056,16622234863.390001,119554.27000000048,385472.98000000045,2
386031,0.1526832922519056,2528312,0.1568366562354646,0,1,60546,0.0784183281177323,40880.21999999974,90751.39999999944,353761.94999999925,4341173862.43,66032.68999999948,174023.70999999996,2
304806,0.12055711478646623,2528312,0.35155075797607255,0,1,107159,0.17577537898803627,82913.41000000015,110536.66000000015,317210.7000000002,7683229277.66,80223.6799999997,288379.7999999998,4
652674,0.25814614651989154,2528312,0.3615416135350384,0,1,235978,0.1807708067675192,90120.00999999978,118263.09999999963,473751.2999999998,16920013972.78,126881.75,340081.66000000015,2
134491,0.053193988716582444,2528312,0.5699684216188509,0,1,76659,0.28498421080942543,128927.4299999997,130681.83000000007,240568.9500000002,5497770186.02,86023.0700000003,385979.2999999998,4
578487,0.2288036444869146,2528312,0.8657879249080018,0,1,500866,0.4328939624540009,200921.33999999985,173775.04000000004,440367.14999999944,35912404085.07,181733.8599999994,610105.4899999993,3
609414,0.24103591645334912,2528312,0.6489966428193988,0,1,395523,0.3244983214096994,153268.56999999937,150328.7999999998,454284.2999999998,28358841452.32,158100.7399999993,493029.87999999896,3
939179,0.3714648350361822,2528312,0.7949766484516152,0,1,746654,0.3974881264654046,190383.81000000052,174780.47000000067,602678.5500000007,53536104566.98,222522.85000000056,621125.1200000001,3
1120395,0.4431395334120156,2528312,0.28014738687313906,0,1,313888,0.14007369343656953,78771.16999999993,117675.78000000026,684225.75,22505494346.969997,179158.40000000037,358662.70999999996,2
429532,0.16988884283268837,2528312,0.9994213530608564,0,1,429300,0.4997104787700252,228431.13999999966,185226.86000000034,373337.4000000004,30780796075.39,178409.16999999993,664567.3899999997,4
136318,0.05391660522910147,2528312,0.4985828489521863,0,1,67968,0.24929122671569015,113114.38999999966,123077.70999999996,241391.09999999963,4873636044.31,77404.21999999974,347020.3599999994,4
657285,0.25996989295624906,2528312,0.6731309268792776,0,1,442456,0.3365652656792358,159310.51999999955,154148.22999999952,475826.25,31724746544.89,167709.25999999978,513103.32999999914,3
696768,0.27558624093861833,2528312,0.09971712351956562,0,1,69482,0.04985856175978281,32667.20999999903,89612.82999999914,493593.5999999996,4981939301.4800005,98854.62999999989,191130.65999999922,2
467609,0.1849490885618547,2528312,0.875571923085442,0,1,409441,0.437786159303124,201500.06000000052,172039.6200000001,390472.05000000075,29356636120.69,167858.80000000075,600196.9900000002,4
880966,0.34844038235787356,2528312,0.31936920759779647,0,1,281364,0.15968440603849524,84040.26999999955,117792.24999999907,576482.6999999993,20173545209.789997,151946.33999999985,347958.49999999907,2
600729,0.2376008182534434,2528312,0.13071606668797206,0,1,78528,0.06535823110438901,38168.12999999989,91492.83000000007,450376.0499999998,5630435771.0199995,90330.27000000048,191089.85000000056,2
700879,0.2772122269719876,2528312,0.6265884115568016,0,1,439180,0.3132944035388038,149610.0700000003,149926.5100000007,495443.55000000075,31489066043.94,167622.0100000007,493180.55000000075,2
728200,0.288018250912071,2528312,0.0054819183708339795,0,1,3992,0.0027409591854169898,2903.929999999702,49227.58999999985,507738.0,151439098.32,90373.96999999974,136826.6099999994,2
1014773,0.40136383484316807,2528312,0.4304749572046488,0,1,436851,0.2152376763627274,110603.6799999997,133156.27000000048,636695.8499999996,31321734443.14,184768.95999999996,427800.2700000005,2
1080226,0.4272518581567465,2528312,0.25799307996797866,0,1,278702,0.1289967377443923,73279.35000000056,114361.13000000082,666149.7000000011,19982918156.81,170748.35000000056,340969.3900000006,2
847479,0.33519557712813924,2528312,0.9623760833314876,0,1,815625,0.48118823942614675,226207.4400000004,191626.16000000015,561413.5500000007,58479945726.28,231653.83000000007,702699.4000000004,3
1077537,0.4261883027094757,2528312,0.46274431320185166,0,1,498643,0.23137215660092583,118665.64999999944,138157.39999999944,664939.6499999994,35752430809.17,197670.08000000007,454475.5599999996,2
202328,0.08002493363160876,2528312,0.592345802258582,0,1,119853,0.296173098889694,134865.7600000007,134527.37000000104,271095.60000000056,8594063121.7,97300.98000000045,406973.68000000063,4
10739,0.004247497935381392,2528312,0.5476301975389113,0,1,5881,0.27381509876945564,122195.28000000026,125696.01000000024,69140.55000000028,334620096.23,68462.80000000028,358562.2900000005,4
949813,0.3756708032869361,2528312,0.7464913349301827,0,1,709055,0.3732458652254943,179779.75000000093,169457.330000001,607463.8500000006,50839558038.729996,217611.0100000007,595302.330000001,3
799343,0.3161567876116555,2528312,0.536084154170846,0,1,428532,0.268042077085423,130944.1799999997,140902.8799999999,539752.3499999996,30725640291.129997,169259.45999999996,456453.54000000004,2
61303,0.024246611968776005,2528312,0.2738044197076943,0,1,16786,0.13690240761425013,62174.799999999814,97652.70999999996,196086.34999999963,954917457.15,39438.33999999985,214549.90999999968,4
313096,0.12383598226801122,2528312,0.9532292691724755,0,1,298464,0.47661443682583476,216511.15000000037,176553.56000000052,320941.2000000002,21400584892.98,156863.0700000003,622587.2800000003,4
1156145,0.4572794022256747,2528312,0.41483804214036873,0,1,479632,0.20741902107018437,109163.86000000034,134120.04000000004,700313.25,34389690503.729996,202081.08000000007,438618.3799999999,2
468529,0.18531296770335307,2528312,0.6294017510497122,0,1,294904,0.3147008755248561,146904.16000000015,144896.91000000015,390886.0499999998,21145418326.3,136679.9500000002,462858.2000000002,4
796627,0.3150825531026234,2528312,0.2597658042203652,0,1,206944,0.1298827043497796,69605.12000000011,109444.08000000007,538530.1500000004,14837850816.07,132842.41999999993,303806.97000000067,2
896072,0.35441511965295425,2528312,0.6609548188672917,0,1,592286,0.33047740943364584,160035.43999999948,158353.64999999944,583280.3999999994,42467082669.96,198883.27999999933,539656.3399999999,3
479215,0.18953950303601771,2528312,0.8261440834833675,0,1,395916,0.41307204174168377,190698.18999999948,166874.28000000026,395694.75,28386877452.65,163140.66999999993,574076.6499999994,4
1187915,0.46984509823154735,2528312,0.7478823816048019,0,1,888455,0.37394119080240096,183506.08999999985,175379.7999999998,714609.75,63702070531.52,251207.25999999978,630095.2699999996,3
825208,0.3263869332582371,2528312,0.6519622578226105,0,1,538025,0.32598112891130526,157022.5700000003,155674.51999999955,551391.5999999996,38577013909.12,187935.8799999999,524668.6799999997,3
1117393,0.4419521799524742,2528312,0.9721161786994643,0,1,1086278,0.48605789158932916,232238.41999999993,199876.08999999985,682874.8499999996,77886527835.7,271242.53000000026,747213.4900000002,3
296347,0.1172114042887112,2528312,0.8503028898332168,0,1,251994,0.4251516426770114,193437.29999999888,164932.2399999993,313404.14999999944,18068978611.74,141717.63999999873,562665.2499999991,4
137521,0.05439241675869117,2528312,0.28673478589667734,0,1,39434,0.14336759070874164,66136.87999999989,100423.66000000015,241932.4500000002,2827551220.96,51314.20999999996,232113.5499999998,4
1074791,0.4251022025762643,2528312,0.9811562022408626,0,1,1054579,0.4905779033600284,233633.03000000026,199799.78000000026,663703.9500000002,75612820007.29,266366.2999999998,746164.8300000001,3
1187075,0.46951286075452714,2528312,0.16221297055110287,0,1,192566,0.08110628751514845,53566.00999999978,105031.43000000063,714231.75,13806983796.36,172397.54000000004,281915.7999999998,2
489194,0.19348640515885698,2528312,0.2703661573413408,0,1,132267,0.1351830786706704,67549.69000000041,105063.44000000041,400185.30000000075,9483817738.78,93699.95000000019,268617.86000000034,2
725083,0.2867854125598423,2528312,0.28299236803052785,0,1,205201,0.14149598625486096,73733.86999999918,110774.40999999922,506335.3499999996,14713001602.519999,126343.32999999914,307037.20999999996,2
1106538,0.43765880160359955,2528312,0.9633585570135331,0,1,1066034,0.48167947626716956,230141.85000000056,198564.58999999985,677990.1000000006,76434097446.75,268524.7600000007,740642.2700000005,3
348173,0.13770966557924813,2528312,0.98294949357516,0,1,342250,0.491474944547983,223609.4400000004,180720.08000000007,336725.8499999996,24541174542.63,165306.6799999997,644076.2000000002,4
174306,0.0689416496065359,2528312,0.30540376345957304,0,1,53236,0.15270188172978652,70805.91999999993,103103.62999999989,258485.7000000002,3817515300.67,58116.12999999989,246739.74000000022,4
1188769,0.4701828729998513,2528312,0.2643882558798123,0,1,314309,0.13219412793990615,76256.47999999952,117072.34999999963,714994.0499999998,22535908081.929996,186356.29000000004,359252.6899999995,2
711898,0.2815704707330424,2528312,0.18011977952088193,0,1,128232,0.09006008752084395,50721.450000000186,98930.09999999963,500402.0999999996,9194427775.990002,111257.68999999948,225808.77999999933,2
256345,0.10138978100804015,2528312,0.7169700574929043,0,1,183799,0.35848502874645216,163285.25,149492.43999999948,295403.25,13179949215.28,119781.00999999978,483022.25,4
458397,0.1813055508971994,2528312,0.3779141972984347,0,1,173241,0.18895690088881437,90967.66000000015,116360.63999999966,386326.6500000004,12421300834.47,103372.51999999955,322938.8300000001,2
30106,0.011907549384727835,2528312,0.37694121611573256,0,1,11349,0.18847041029746328,84608.71999999974,108014.87000000011,134523.69999999972,645632138.24,49227.00999999978,267241.02,4
292505,0.11569181335214958,2528312,0.27042390337901334,0,1,79103,0.13521195168950667,64737.76000000071,101494.05000000075,311675.25,5671735027.679999,68482.01000000071,242933.22000000067,2
458436,0.18132097620863247,2528312,0.7383392555982015,0,1,338494,0.36916962779910073,170925.66999999993,156675.2000000002,386344.2000000002,24271215149.44,149179.9400000004,522125.5200000005,4
59531,0.023545749100585687,2528312,0.15293484348450667,0,1,9105,0.07646761950265632,35333.74000000022,84775.29999999981,193196.9500000002,517987150.85,24392.709999999963,130354.54000000004,4
964452,0.3814608323656258,2528312,0.8041147611528957,0,1,775560,0.40205718281604486,192777.02999999933,176458.7000000002,614051.3999999994,55608463578.170006,227270.06999999937,629888.6499999994,3
582819,0.2305170406184047,2528312,0.0478864950211841,0,1,27910,0.02394324751059205,19533.830000000075,71360.94000000041,442316.5499999998,2001188130.76,77373.66000000015,145302.16999999993,2
340074,0.13450634257164465,2528312,0.8159352959603087,0,1,277489,0.40796784574055733,186439.0,162285.66999999993,333081.2999999998,19896417776.370003,143188.8099999996,549357.2699999996,4
92312,0.0365113166413006,2528312,0.515654713500549,0,1,47603,0.2578273567502745,116269.45000000019,123996.58000000007,221588.40000000037,3413273058.28,74155.94000000041,350901.2000000002,4
954246,0.37742414701982985,2528312,0.44153371893975113,0,1,421348,0.22076705723027854,112192.08999999985,133235.75999999978,609458.6999999993,30210907474.440002,177966.26999999955,425508.1299999999,2
1250567,0.49462526776758564,2528312,0.19773232101101446,0,1,247287,0.09886596274510424,62356.95999999996,110315.28000000026,742803.1500000004,17730408447.219997,185790.5,305324.4000000004,2
307532,0.12163530450355811,2528312,0.36125486095070547,0,1,111102,0.18062723271494974,85104.29999999981,111645.0,318437.4000000004,7965948168.91,81787.1799999997,294010.0700000003,4
517462,0.20466698730220004,2528312,0.560416198633713,0,1,290005,0.28020829707725947,132302.4899999993,137729.5399999991,412905.89999999944,20794437748.82,134409.919999999,431250.2999999989,2
1132915,0.4480914539028411,2528312,0.808163312122871,0,1,915616,0.4040814583010325,196087.76999999955,181101.51999999955,689859.75,65650082344.81,251521.9299999997,656308.1899999995,3
1015604,0.40169251263293454,2528312,0.24099201364388573,0,1,244762,0.12049620458234585,68582.50999999978,111226.09999999963,637069.7999999998,17549251335.909996,159750.0,322876.2000000002,2
921990,0.36466622790225256,2528312,0.4761010508196773,0,1,438977,0.23805052540983865,119398.62000000011,136565.55000000075,594943.5,31474966473.07,178122.65000000037,440179.29000000004,2
905410,0.3581084929391626,2528312,0.7293217767427438,0,1,660361,0.3646606906109689,175339.23000000045,166415.74000000022,587482.5,47348571286.50001,209170.8799999999,579354.4500000002,3
1190975,0.4710553918978354,2528312,0.8069087201263135,0,1,961045,0.40345416230275377,196644.1900000004,182394.45999999996,715986.75,68906912995.61,259572.00999999978,663962.5099999998,3
966777,0.38238041823952107,2528312,0.2131710801515003,0,1,206097,0.10658573783615313,61707.94000000041,107143.10000000056,615097.6500000004,14777060887.56,149494.15000000037,301049.35000000056,2
352782,0.13953262097399372,2528312,0.9809952252728302,0,1,346091,0.4904976126364151,223243.56000000052,180627.77000000048,338799.9000000004,24816559069.74,165683.78000000026,643605.21,4
560733,0.2217815680976082,2528312,0.12787939146750876,0,1,71709,0.06393989349415737,36964.36999999918,90506.99999999907,432377.8499999996,5141636678.960001,84776.46999999974,184755.1799999997,2
1124458,0.44474653444669804,2528312,0.6705857504928189,0,1,754075,0.33529287524640944,165447.13999999966,164805.83999999985,686054.1000000006,54066771928.34,231927.99000000022,577398.8600000003,3
962055,0.3805127689937001,2528312,0.11714100158524739,0,1,112700,0.05857030303222071,40341.800000000745,95990.49000000022,612972.75,8080797677.259999,136178.86000000034,233201.52000000048,2
1030288,0.40750034014789316,2528312,0.31696879182632526,0,1,326582,0.15848439591316263,85648.5,120300.53000000026,643677.6000000006,23415624257.88,171820.83000000007,366820.45999999996,2
1256934,0.4971435487392379,2528312,0.5408050905109812,0,1,679783,0.2704025452554906,138556.79000000004,150992.5499999998,745668.2999999998,48739699479.189995,232990.79000000004,523335.6299999999,2
1015356,0.40159442347305235,2528312,0.6741592809748164,0,1,684538,0.3370794427270052,164675.3200000003,162665.90000000037,636958.2000000002,49081566358.47,217174.1200000001,563912.3600000003,3
143456,0.056739832742161565,2528312,0.658629552048956,0,1,94488,0.329314578264075,148721.76999999955,140545.09999999963,244603.2000000002,6775449920.08,98117.83999999985,436006.2299999995,4
690673,0.27317554162619173,2528312,0.9304017858555431,0,1,642628,0.46520089292777156,216861.9500000002,183895.65000000037,490850.8499999996,46075792957.25,205544.75999999978,662277.2599999998,3
321933,0.12733119963042536,2528312,0.004747831754941637,0,1,1529,0.0023739158774708185,1706.7099999990314,47470.65999999922,324917.8499999996,58013384.06,38422.12999999989,84651.96999999974,2
606017,0.239692332275447,2528312,0.21185201826356873,0,1,128391,0.10592600913178436,56242.06999999937,100647.5,452755.64999999944,9205565674.22,101446.38999999966,252460.6200000001,2
1247208,0.49329671338031067,2528312,0.2854240299456713,0,1,355997,0.14271181721243265,81761.55999999959,120615.19000000041,741291.5999999996,25524619884.98,197168.74000000022,378883.4900000002,2
280966,0.111127898771987,2528312,0.9510258227623806,0,1,267216,0.4755129113811903,215562.96999999974,175472.7899999991,306482.69999999925,19160806763.16,152309.49999999907,616997.9699999997,4
946772,0.3744680245159616,2528312,0.881271773420369,0,1,834396,0.4406358867101845,209636.41999999993,184903.11999999918,606095.3999999994,59826167492.06,234971.3599999994,670983.1399999997,3
239366,0.09467423324336553,2528312,0.7557916111619135,0,1,180918,0.3778956078205538,171653.97999999952,153281.63999999966,287762.69999999925,12972501373.61,122429.36999999918,502358.88999999966,4
248269,0.09819555497897411,2528312,0.5789855049535025,0,1,143750,0.28949275247675127,132557.8099999996,134064.38999999966,291769.0499999998,10307150610.43,101487.70999999996,405574.46999999974,4
962290,0.38060571638310464,2528312,0.5893437993412205,0,1,567142,0.2946717019102073,145099.3700000001,150437.24000000022,613078.5,40664162661.399994,198593.1900000004,508878.11000000034,2
690151,0.27296907976547197,2528312,0.6999448643996469,0,1,483086,0.34997262996022643,165731.95999999996,157938.28000000026,490615.9500000002,34636917489.57001,175655.8900000006,532658.75,3
478389,0.18921280285028114,2528312,0.7839119539044231,0,1,375029,0.39195597695221157,181322.5,162190.58999999985,395323.0499999998,26890992705.22,157660.01999999955,550323.2399999993,4
589565,0.23318522397552202,2528312,0.23761031075278685,0,1,140092,0.11880495761599043,61724.12999999989,103232.87999999989,445352.25,10044776069.04,102605.95000000019,264294.8300000001,2
142481,0.056354199956334505,2528312,0.3793855346966672,0,1,54057,0.1896925695879306,86760.78000000026,110436.61000000034,244164.4500000002,3876042485.98,63394.85000000056,282785.16000000015,4
106069,0.041952496369119,2528312,0.9829752024275485,0,1,104267,0.49148760121377427,220140.86000000034,174294.54000000004,227779.0499999998,7477125171.56,133557.68999999948,611734.3499999996,4
350769,0.13873643759156307,2528312,0.9867540082078478,0,1,346136,0.4933770041039239,224489.2999999998,181204.16000000015,337894.0499999998,24819305975.639996,166133.6299999999,646571.1699999999,4
1216010,0.4809572552754565,2528312,0.21526378073592184,0,1,261773,0.10763189036796092,65750.61000000034,111778.61000000034,727252.5,18769314214.72,183457.27000000048,335882.6699999999,2
447679,0.1770663588987435,2528312,0.6222198842547914,0,1,278566,0.3111099421273957,145010.66999999993,143626.30000000075,381503.55000000075,19974199171.449997,132993.29000000004,456047.1400000006,4
123623,0.04889546859723009,2528312,0.4695844500204089,0,1,58054,0.23479222501020444,106501.50999999978,119718.5,235678.35000000056,4163199579.42,72262.37000000011,329570.3200000003,4
1204642,0.47646097475311594,2528312,0.046191292846768914,0,1,55646,0.023095646423384457,28078.760000000708,80649.9600000009,722136.9000000004,3989860582.02,159164.77000000048,226226.30000000075,2
1076113,0.4256250810817652,2528312,0.82068906052734,0,1,883188,0.41034453026367,198052.03000000026,181151.10000000056,664298.8500000006,63324744441.26,245171.63000000082,655237.0600000005,3
780655,0.3087652947895671,2528312,0.8726533750581416,0,1,681268,0.4363266875290708,205345.83000000007,179684.88000000082,531342.75,48847843653.87,210575.6400000006,642428.9200000009,3
747679,0.29572260069168677,2528312,0.1064904173219128,0,1,79624,0.05324501090055341,34901.669999999925,91215.22000000067,516503.55000000075,5708981999.759999,106408.52000000048,200518.47000000067,2
320668,0.1268308658108651,2528312,0.4416436737238126,0,1,141626,0.2208216391015033,103127.26999999955,120648.09999999963,324348.5999999996,10154574634.39,93569.72999999952,339573.4299999997,4
315888,0.12494027635829755,2528312,0.06208925164299343,0,1,19614,0.031044428061093726,18856.46999999974,72240.75,322197.60000000056,1406373738.68,45264.41000000015,120479.71999999974,2
145932,0.05771914225775933,2528312,0.3644083483367559,0,1,53181,0.18220417416837795,83490.86000000034,108901.45999999996,245717.40000000037,3813916295.2200003,61963.15000000037,275098.9900000002,4
251727,0.09956326592604077,2528312,0.1001411218235724,0,1,25209,0.0500705609117862,26376.070000000298,82328.58999999985,293325.1500000004,1807536660.11,42070.44000000041,134454.8900000006,2
1205023,0.47661166818019296,2528312,0.14219210287337955,0,1,171351,0.07109605143668978,49380.29000000004,102981.83999999985,722308.3500000006,12285812823.800001,172129.28000000026,276068.2999999998,2
485943,0.19220056701862745,2528312,0.6791159477153136,0,1,330024,0.3395577760972538,158181.88999999966,150792.33999999985,398722.3499999996,23663503128.94,145332.4299999997,492869.6799999997,4
940708,0.3720695863485203,2528312,0.9125084245931673,0,1,858437,0.45625421229658364,216479.53000000026,188342.41000000015,603366.5999999996,61548865051.18,238237.1799999997,687807.0800000001,3
564078,0.22310458519359952,2528312,0.3812092811330247,0,1,215040,0.19060464056651236,93212.54000000097,118763.06000000052,433883.10000000056,15418950885.97,117670.53000000119,338884.3900000006,2
1061489,0.41984098481516524,2528312,0.07612272535984482,0,1,80807,0.03806136267992241,32667.18999999948,89418.29999999981,657718.0499999998,5793831062.940001,144004.2999999998,226478.06999999937,2
729526,0.2885427115007958,2528312,0.5707420603153408,0,1,416387,0.2853710301576704,137631.97000000067,143362.9400000004,508334.7000000011,29855056085.1,164278.25000000093,466047.04000000097,2
149202,0.05901249529330241,2528312,0.4621079202250355,0,1,68950,0.23105376235211478,105211.58000000007,119433.08999999985,247188.89999999944,4944587704.54,74476.00999999978,328685.9299999997,4
1253477,0.4957762333129772,2528312,0.160361142137521,0,1,201017,0.08018076882916349,54107.12000000011,105948.41999999993,744112.6500000004,14412829749.409998,181138.9400000004,290142.4000000004,2
742558,0.29369713864428126,2528312,0.7047006065707081,0,1,523301,0.352350501045757,167539.58999999985,159718.75999999978,514199.10000000056,37520146442.259995,183453.00999999978,542630.0099999998,3
942033,0.37259365141643913,2528312,0.7159721584994257,0,1,674496,0.3579858814893099,172897.6299999999,165756.31999999937,603962.8499999996,48360916448.59,212499.09999999963,577024.8299999991,3
1071636,0.42385433443340853,2528312,0.817426013878034,0,1,876017,0.408713006939017,197268.21999999974,180661.8799999999,662284.2000000002,62811047464.799995,244108.20999999996,652753.75,3
119445,0.047242982669860364,2528312,0.7774610095589468,0,1,92867,0.3887305047794734,174741.84999999963,152684.3700000001,233798.25,6658777076.03,109832.34999999963,498809.91000000015,4
1218877,0.48209121342619105,2528312,0.17853730077617003,0,1,217623,0.08926865038808501,57643.45999999996,107499.16999999993,728542.6500000004,15603402185.939999,178898.46999999974,293004.58999999985,2
619771,0.24513232544084748,2528312,0.04480499242182136,0,1,27770,0.02240229845050769,19380.520000000484,70827.62000000011,458944.9500000002,1991180631.61,81751.59999999963,148109.84999999963,2
595497,0.23553145339657447,2528312,0.9881498011321388,0,1,588463,0.49407509832647234,228309.40000000037,187865.1799999997,448021.6500000004,42193914967.27,199785.09999999963,681437.1600000001,3
533714,0.21109499144092975,2528312,0.9760476555108705,0,1,520950,0.48802362999503224,224739.90999999922,184878.64999999944,420219.2999999998,37353362822.98,189704.88999999966,665924.0199999996,3
1220191,0.48261092776524417,2528312,0.6507531507187404,0,1,794074,0.3253767731197732,162420.84999999963,164711.70999999996,729133.9500000002,56934741154.6,242680.7000000002,579887.9399999995,2
1093286,0.4324173598827993,2528312,0.22713929293536558,0,1,248338,0.11356984422808578,66622.58999999985,110999.36000000034,672026.7000000002,17805533327.679996,168400.6299999999,325760.25,2
924516,0.3656653134581492,2528312,0.5641534747293847,0,1,521589,0.28207673736469235,138969.97999999952,146735.94999999925,596080.1999999993,37398550977.68,190068.88999999966,489515.4899999993,2
713213,0.2820905805929015,2528312,0.7720245760808001,0,1,550639,0.38601248580080305,182052.88000000082,166615.12000000104,500993.85000000056,39480140918.86,188154.9400000004,576271.7400000002,3
409368,0.16191356130097867,2528312,0.060503608731833726,0,1,24769,0.030251804365916863,19846.799999999814,73169.83999999985,364263.5999999996,1776032373.16,56812.83999999985,131209.11999999918,2
623704,0.24668790877075297,2528312,0.0016370606159366407,0,1,1021,0.0008187280683713086,1942.8300000000745,47712.41000000015,460714.7999999998,38767984.760000005,76218.53000000026,121535.21999999974,2
27035,0.010692904989574072,2528312,0.6541103313198687,0,1,17685,0.32705536342033736,146052.99999999953,137354.13999999966,126845.74999999953,1006050155.39,82976.22999999952,418567.8999999999,4
113799,0.04500987219931717,2528312,0.09085547986166265,0,1,10340,0.04542793769123431,22340.969999998808,79065.20999999903,231257.54999999888,741452878.6899999,24244.93999999948,113829.1799999997,2
574968,0.22741180677068337,2528312,0.6215059692000038,0,1,357360,0.3107527868395989,146677.74999999907,146464.1299999999,438783.5999999996,25622325247.579998,149925.44999999925,472985.70999999903,3
877670,0.3471367457813751,2528312,0.7706912754438534,0,1,676439,0.3853456377219267,184117.6299999999,170483.25999999978,574999.5,48500533815.07,210748.09999999963,598702.9199999999,3
655313,0.25918992592686346,2528312,0.0985756504735175,0,1,64600,0.04928782523675875,31818.960000000894,88800.48000000045,474938.85000000056,4631882733.82,93296.25000000093,185259.06000000052,2
576966,0.22820205734102436,2528312,0.13315722110245887,0,1,76830,0.06657880831163243,38368.56999999937,91365.87999999989,439682.69999999925,5508785902.320001,87558.27999999933,188990.76999999955,2
302988,0.11983805796120099,2528312,0.7758322548799357,0,1,235077,0.38791612743996784,177013.33000000007,157004.70999999996,316392.60000000056,16856078727.38,133249.6299999999,521986.4500000002,4
1206392,0.47715313616357474,2528312,0.3276237268185256,0,1,395258,0.16381206116966576,90536.49000000022,124836.41000000015,722924.4000000004,28339724721.46,197265.66999999993,396760.23000000045,2
25137,0.009942206499830717,2528312,0.40183292251905617,0,1,10101,0.20091665901993108,90058.31000000006,110556.43999999994,121899.6499999999,574675979.42,51834.62999999989,280288.68999999994,4
84663,0.03348597799638652,2528312,0.5136502140558602,0,1,43489,0.2568251070279301,115717.59999999963,123627.39999999944,218146.34999999963,2473922152.93,71254.30999999959,346919.2999999998,4
856421,0.3387323241751809,2528312,0.9525102123472103,0,1,815781,0.47625530393400817,224146.9400000004,190734.6299999999,565437.4500000002,58492597895.29,231622.3700000001,698387.25,3
727640,0.2877967592607242,2528312,0.3427563528551856,0,1,249413,0.17137837418799579,87030.51000000071,117572.8900000006,507486.0,17883023819.780003,134439.0100000007,339987.18000000063,2
464383,0.1836731384417746,2528312,0.23289214305829345,0,1,108155,0.11644607152914672,58878.29000000004,100476.95999999996,389020.3499999996,7754647089.660001,85713.95999999996,245155.00999999978,2
420102,0.16615908163233017,2528312,0.40903654295830577,0,1,171844,0.20451827147915289,97321.5,119044.63999999966,369093.89999999944,12321491225.39,102327.28000000026,334859.0700000003,2
1057381,0.41821618534421384,2528312,0.13305952746338268,0,1,140700,0.06652976373169134,45236.28000000026,99425.06000000052,655869.4500000002,10088181812.029999,151030.28000000026,252435.3799999999,2
386678,0.1529391942133724,2528312,0.7610682542344458,0,1,294300,0.3805341271172229,174938.18000000063,157434.79000000097,354053.10000000056,21101526730.48,142467.57000000123,525037.4000000013,4
937637,0.3708549419533665,2528312,0.3401115052256209,0,1,318913,0.17005575261281045,89454.5,121235.79999999981,601984.6499999994,22865722322.719997,162325.79000000004,367102.02999999933,2
116998,0.046275143257635924,2528312,0.9293678944687206,0,1,108738,0.4646839472343603,208404.76999999955,168855.68999999948,232697.09999999963,7797545647.75,128310.66000000015,583152.5599999996,4
343986,0.13605361996462462,2528312,0.4115995177810334,0,1,141590,0.2057997588905167,96795.74000000022,117833.66999999993,334841.7000000002,10152335250.43,92791.03000000026,326203.9199999999,4
884053,0.34966135508592294,2528312,0.053085616015744894,0,1,46932,0.02654261024746946,25010.209999999963,78075.60000000056,577871.8500000006,3365033822.92,117389.90000000037,187978.40000000037,2
503800,0.1992633820509494,2528312,0.8345896392533833,0,1,420483,0.4172950173870946,192928.16999999993,168423.79000000004,406758.0,30148156222.18,167552.6299999999,582206.1799999997,4
478233,0.18915110160454882,2528312,0.0965782704033363,0,1,46189,0.04828913520166815,28836.89999999944,85667.18999999948,395252.8499999996,3311932568.0,70158.24999999907,161580.19999999925,2
118147,0.046729596663702896,2528312,0.5553776590863786,0,1,65619,0.2776888295431893,125452.80999999959,128775.00999999885,233214.14999999944,4705864474.860001,82203.43999999948,375899.88999999873,4
821733,0.3250124984574689,2528312,0.02003312882270859,0,1,16463,0.010016564411354295,16687.299999999814,64955.9299999997,549827.8499999996,1180401787.4699998,104763.86999999918,158751.52999999933,2
550043,0.21755345068171966,2528312,0.0013238081376032705,0,1,728,0.0006621018292046235,1691.929999999702,47344.15000000037,427567.3499999996,27660149.550000004,66696.95000000019,111927.40000000037,2
1099440,0.4348513949227785,2528312,0.4748693990298666,0,1,522111,0.2374346995149333,121673.16999999993,140013.41000000015,674796.0,37435799649.479996,202307.4400000004,464290.3200000003,2
1187707,0.4697628299039043,2528312,0.5734082660684283,0,1,681067,0.2867043307946171,144796.56000000052,153380.18000000063,714516.1500000004,48832737202.770004,227734.6200000001,531787.4700000007,2
1087958,0.4303100250285566,2528312,0.177411253041555,0,1,193023,0.08870582428118048,55515.54000000004,105108.62999999989,669629.1000000006,13839667569.400002,161049.81000000052,274837.5,2
212581,0.08408020845528558,2528312,0.12789481677894185,0,1,27189,0.06394740838947092,31976.640000000596,84676.72000000067,275709.4500000002,1949613053.3200002,40725.75,140425.8799999999,2
513251,0.2030014491882331,2528312,0.1707542423561649,0,1,87643,0.08537712117808245,45796.91000000015,94463.29000000004,411010.9500000002,6284239457.86,84117.19000000041,196034.2600000007,2
936175,0.37027669053502893,2528312,0.5412033799625996,0,1,506681,0.27060188774170274,134044.9500000002,144341.28000000026,601326.75,36329155281.24,188644.66999999993,478350.4500000002,2
606065,0.2397113172741339,2528312,0.39100514493464417,0,1,236984,0.19550277022772505,95991.43999999948,120667.54999999981,452777.25,16992279810.670002,124488.70999999996,349911.9399999995,2
1152098,0.4556787295238879,2528312,0.8278246513879616,0,1,953772,0.4139125234543838,200728.7399999993,183882.3700000001,698492.0999999996,68385034719.49,256871.46999999974,670218.8499999996,3
1075694,0.4254593578640611,2528312,0.7878956394622183,0,1,847567,0.39394781973110915,190773.04000000097,177322.3900000006,664110.3000000007,60769634901.020004,240743.04000000097,636624.2700000005,3
430132,0.17012615531627426,2528312,0.29994992706596335,0,1,129023,0.14997516129338467,73265.54000000004,107242.49000000022,373607.4000000004,9251357059.35,89805.51999999955,276806.7400000002,2
709380,0.28057454934359366,2528312,0.8983598543217768,0,1,637303,0.4491799271608884,210026.06000000052,180769.2800000012,499269.00000000093,45694867327.58,204000.2800000012,646838.8000000007,3
1056379,0.4178198734966254,2528312,0.9094395786595958,0,1,960750,0.4547199870902009,217456.81000000052,190974.91000000015,655418.5500000007,68885101177.43,254195.13000000082,702718.2600000007,3
422659,0.16717042833321205,2528312,0.30548721834963405,0,1,129122,0.15274380693522002,74387.16000000015,107712.45000000019,370244.55000000075,9258290891.78,89541.68000000063,278819.17000000086,2
397256,0.1571230132989916,2528312,0.5372082243014311,0,1,213417,0.26860411215071556,125427.80999999959,132649.4299999997,358813.2000000002,15302233618.92,115567.38999999966,402226.7599999998,4
678069,0.2681903973876642,2528312,0.9642587623679356,0,1,653859,0.4821295789443708,224197.28000000026,187376.9500000002,485179.0499999998,46883124620.71001,208176.4299999997,679620.6200000001,3
863591,0.34156820835403223,2528312,0.18925631013893854,0,1,163446,0.09462835282987227,54927.41000000015,102595.83999999985,568663.9500000002,11719354514.720001,132549.4299999997,249681.3200000003,2
1068958,0.42279512971500355,2528312,0.6097170760570689,0,1,651787,0.30485873578893746,151146.90000000037,156423.77000000048,661079.1000000006,46733146034.119995,216064.24000000022,535325.4199999999,2
1108420,0.4384031717604473,2528312,0.4881948905040201,0,1,541146,0.24409724749160705,124755.65999999922,141748.56999999937,678836.9999999991,38799874565.53,205322.7999999998,472963.99999999907,2
589401,0.23312035856334187,2528312,0.2856625289916751,0,1,168376,0.14283126449583755,72379.87999999989,108589.74000000022,445278.4500000002,12072744084.16,108752.83999999985,290237.0,2
840185,0.3323106483693468,2528312,0.036438936333806904,0,1,30617,0.018219270406500464,20686.68999999948,71265.04999999981,558131.25,2195226928.79,109427.16999999993,171536.45999999996,2
715894,0.28315097187372446,2528312,0.03019722249469211,0,1,21619,0.015098611247346055,17521.830000000075,67015.61000000034,502200.30000000075,1550120295.75,92347.79000000097,151310.17000000086,2
726202,0.28722800034172996,2528312,0.9940244716633074,0,1,721891,0.4970122358316537,231489.28000000026,192914.38999999966,506838.89999999944,51760862157.829994,218750.6799999997,703295.2800000003,3
1061772,0.41995291720325656,2528312,0.6491671122867747,0,1,689294,0.32458335838298435,159796.91999999993,160847.68999999948,657845.3999999994,49422572655.35,220318.58999999985,556447.79,2
728659,0.2881997949620142,2528312,0.23011004970905488,0,1,167678,0.11505502485452744,62053.37000000011,104867.30000000075,507944.55000000075,12022646034.31,119954.5700000003,278548.72000000067,2
691437,0.2734777195219577,2528312,0.4052023642651698,0,1,280183,0.2026011821325849,100365.45999999996,123920.36999999918,491194.64999999944,20089386374.239998,137693.4299999997,369290.4099999992,2
182046,0.07200298064479384,2528312,0.31378366277579667,0,1,57125,0.1568920291483013,72773.69999999925,104148.37999999989,261968.69999999925,4096122388.22,60105.68999999948,252234.81999999937,4
1044236,0.4130170643496531,2528312,0.3365075196415632,0,1,351407,0.1682537598207816,90181.45000000019,122828.58000000007,649954.2000000002,25195787529.079998,176312.48000000045,379562.5800000001,2
752401,0.2975902499375077,2528312,0.8501110622423182,0,1,639649,0.4250555311211591,199938.91999999993,176413.0,518628.4500000002,45862848974.950005,203711.04000000004,625713.5200000005,3
46784,0.018504045386803527,2528312,0.9970434819753259,0,1,46647,0.49852154322725994,222412.39000000013,174273.00999999978,170540.7999999998,2653600991.52,127006.56999999983,611056.1600000001,4
481410,0.19040767120513608,2528312,0.28754006625764544,0,1,138430,0.1437702308892257,71247.54999999981,106818.65000000037,396682.5,9925468165.05,94874.45000000019,276868.96999999974,2
77494,0.030650489338341153,2528312,0.8901808795749891,0,1,68986,0.44509063754789757,199148.09000000078,163658.1900000004,214920.30000000075,3924342642.56,116960.66000000015,554472.1200000001,4
208601,0.0825060356474992,2528312,0.6860213454668569,0,1,143110,0.34301067273342845,155734.7000000002,145016.73000000045,273918.4500000002,10262130570.38,109765.27000000048,459578.8100000005,4
155603,0.06154422397235784,2528312,0.7311605529697284,0,1,113775,0.3655802764848642,164988.20999999996,148606.95999999996,250069.35000000056,8158070538.28,108636.3200000003,477739.29000000004,4
797149,0.3152890149633431,2528312,0.37619486835485494,0,1,299895,0.18809743417742747,95442.69999999925,122685.15999999922,538765.0499999989,21502291430.33,148102.49999999907,367795.57999999914,2
986128,0.39003414135597186,2528312,0.8320238957850139,0,1,820514,0.41601194789250695,199276.02000000048,180218.66000000108,623805.6000000006,58831628197.48,234001.5700000003,648752.7600000007,3
584153,0.23104466537357732,2528312,0.9239199908872007,0,1,539732,0.46195999544360034,213898.58000000007,180401.24000000022,442916.85000000056,38698572224.560005,189970.3200000003,643614.3399999999,3
1019165,0.4031009622230168,2528312,0.2298980505570515,0,1,234313,0.11494902527852575,66171.91000000015,110004.34999999963,638672.25,16800159314.500002,158758.3599999994,317264.0,2
37709,0.014914694072566993,2528312,0.6908273187802771,0,1,26051,0.34541385715054157,154350.97999999998,141495.56999999983,152021.0499999998,1481997267.3,88487.16000000015,439841.7599999998,4
484634,0.19168283028360425,2528312,0.2491373691221653,0,1,120745,0.12456848680067967,62776.419999999925,102634.20999999996,398133.2999999998,8657531204.039999,90405.20000000019,256566.70999999996,2
189275,0.0748622005511978,2528312,0.396438018725537,0,1,75039,0.1982192071231715,91218.70000000019,113174.83000000007,265221.75,5381202083.24,71284.5,297942.9900000002,4
21923,0.008671002629422319,2528312,0.7917302136761603,0,1,17358,0.39586490907767713,176508.20999999996,151808.63000000035,113149.3500000001,987461159.16,99393.11000000034,494243.7000000002,4
1231871,0.48723061077904944,2528312,0.017370482756874944,0,1,21399,0.008685241378437472,21943.150000000373,70395.95000000019,734389.9500000002,1534327674.97,158801.31000000052,211514.48000000045,2
1124881,0.4449138397476261,2528312,0.852199016577068,0,1,958660,0.42609931052813105,205741.77000000048,186051.5,686244.4500000002,68736514062.93001,256275.79000000004,680115.9300000006,3
511010,0.20211508706203982,2528312,0.2999519046699933,0,1,153284,0.14997595233499664,74425.99000000022,108736.45000000019,410002.5,10990936338.269999,100314.65000000037,287518.5200000005,2
697129,0.2757290239495758,2528312,0.4909560212505419,0,1,342273,0.24547801062527094,119468.08000000007,133688.77000000048,493756.0499999998,24540859462.61,149555.18000000063,417335.6200000001,2
426580,0.16872126541344581,2528312,0.8848765500460386,0,1,377485,0.4424382750230193,202977.84000000078,172018.98000000045,372009.00000000093,27066350608.08,163487.85000000056,599765.7600000007,4
1250720,0.49468578245090006,2528312,0.35096420062080946,0,1,438975,0.17548229807080773,96355.02999999933,128427.45999999996,742871.9999999991,31474423322.88,206499.72999999952,415871.14999999944,2
154689,0.06118271795569534,2528312,0.6750879638272491,0,1,104433,0.3375437841532216,152538.3799999999,142572.8700000001,249658.0499999998,7488799200.37,101569.68999999948,446549.14999999944,4
121616,0.0481016583396353,2528312,0.20092496495685658,0,1,24437,0.1004622847180253,46871.199999999255,90960.11999999918,234775.19999999925,1752343999.88,38781.55999999959,158254.7999999998,4
763498,0.3019793443214287,2528312,0.04686526030015283,0,1,35783,0.023432630150076416,21900.77999999933,73868.73999999929,523622.0999999996,2565684506.14,100728.41999999993,168133.4500000002,2
260118,0.10288208100898939,2528312,0.46316514733941067,0,1,120482,0.23158257366970533,107034.77999999933,121775.75999999978,297101.0999999996,8639489297.519999,88522.6799999997,343457.6299999999,4
836945,0.331029160957983,2528312,0.594213451504403,0,1,497343,0.2971065279917985,144382.04000000004,149361.2999999998,556673.25,35658892089.939995,181993.16000000015,494048.28000000026,2
1090690,0.43139058787048434,2528312,0.03384036463854145,0,1,36911,0.01692038007967371,23706.510000000708,74272.25,670858.5,2646520649.2499995,142267.73000000045,203063.3900000006,2
790995,0.31285497992336386,2528312,0.27651136410379734,0,1,218728,0.13825587981230164,73238.20000000019,111244.02000000048,535995.75,15682694182.69,134274.5700000003,312252.1299999999,2
664250,0.26272469536987525,2528312,0.5914032761779401,0,1,392855,0.29570163808897004,141280.93999999948,144303.8099999996,478960.5,28168548772.67,158103.58000000007,468530.0999999996,2
1089296,0.4308392318669531,2528312,0.034661070310942635,0,1,37758,0.017330535155471317,23865.990000000224,74552.93000000063,670231.2000000002,2707253873.16,142189.78000000026,203400.25000000093,2
503325,0.19907550966811058,2528312,0.8402724821936534,0,1,422947,0.4201364388572296,194184.1900000004,169043.66000000015,406544.25,30326484803.12,168215.0700000003,585333.96,4
800985,0.3168062327750689,2528312,0.14541994817095358,0,1,116484,0.07271017184587979,44304.07999999914,96524.04999999981,540491.25,8352038213.72,118505.83999999985,223336.40999999922,2
620493,0.2454178914627625,2528312,0.722944399267179,0,1,448599,0.3614720018731865,169832.47999999952,158858.0,459269.8499999996,32164533745.93,169118.75,535840.1699999999,3
73679,0.02914157746354089,2528312,0.9456605830293097,0,1,69678,0.47283009375425183,211399.6299999999,169463.41000000015,213203.5499999998,3963688532.07,123406.70999999996,585052.2300000004,4
529992,0.20962286300108532,2528312,0.3563824401418812,0,1,188887,0.1781912200709406,87214.35000000056,115349.09000000078,418544.4000000004,13543519431.480001,110003.10000000056,320742.3700000001,2
879917,0.3480254810324042,2528312,0.16015823996405507,0,1,140931,0.08007911998202753,48702.16000000015,99546.29999999981,576010.6499999994,10104730517.73,130900.6099999994,239845.97999999952,2
1006838,0.39822537724774476,2528312,0.573160274523081,0,1,577102,0.2865801372615405,142148.0,149516.43000000063,633125.1000000006,41378242419.73,202601.78000000026,506097.1400000006,2
284717,0.11261149731520477,2528312,0.7228360265663415,0,1,205812,0.36141821104357374,164992.8599999994,150805.81999999937,308170.64999999944,14757811859.55,124207.30999999959,490042.89999999944,4
869976,0.34409360870019207,2528312,0.5420181528229111,0,1,471561,0.27100927417185855,133275.87000000104,143053.580000001,571537.2000000011,33810970933.780003,179676.580000001,469570.9000000004,2
1187230,0.4695741664794535,2528312,0.9833592531301517,0,1,1167519,0.4916798243254788,235735.98000000045,203043.0,714301.5,83710907872.7,282750.51999999955,763793.7199999997,3
605907,0.2396488249867896,2528312,0.4435935912972766,0,1,268787,0.2217969934090413,107653.66000000015,126538.98000000045,452706.1500000004,19272549158.88,131227.17000000086,378763.1500000004,2
138282,0.05469340809203927,2528312,0.02632349172095849,0,1,3640,0.013161745860479244,8354.919999999925,56511.950000000186,242274.90000000037,261113154.98000002,19128.08999999985,76170.12999999989,2
1025219,0.4054954451823984,2528312,0.16860102708842897,0,1,172860,0.08430051354421449,52660.799999999814,103007.29000000004,641396.5499999998,12394208272.47,151438.83999999985,262752.08999999985,2
752295,0.2975483247320742,2528312,0.7786096019795026,0,1,585767,0.3893048009897513,184073.04000000004,168315.91999999993,518580.75,41998740342.82,194397.25,585458.0599999996,3
629415,0.24894672809368465,2528312,0.17244034755204263,0,1,108541,0.0862203715364243,47834.5,96645.1799999997,463284.75,7782283320.29,99437.09999999963,211827.01999999955,2
349846,0.13837137188764678,2528312,0.9284273459921085,0,1,324819,0.46421367299605426,211538.77999999933,174811.01999999955,337478.69999999925,23289416919.600002,158661.76999999955,613680.54,4
572717,0.2265214894364303,2528312,0.46215221855530486,0,1,264693,0.23107591151724946,111293.66999999993,127946.1099999994,437770.64999999944,18978421868.12,129189.26999999955,384481.39999999944,2
703336,0.27818402159227185,2528312,0.1731336955249194,0,1,121776,0.0865668477624597,49050.04000000004,97996.65000000037,496549.2000000002,8731602700.480001,109225.35000000056,221812.33000000007,2
788785,0.31198087894215587,2528312,0.273557614724765,0,1,215787,0.13677900512278549,72554.75999999978,110868.97999999952,535001.25,15471786091.669998,133597.22999999952,310336.1899999995,2
1037919,0.4105185594182996,2528312,0.6701415806277073,0,1,695580,0.33507098807425667,164108.34999999963,162728.16000000015,647111.5499999998,49872867126.53,219784.34999999963,564851.3700000001,3
1258087,0.49759958422852874,2528312,0.42431155648511737,0,1,533842,0.21215577824255868,112729.72999999952,137239.81999999937,746187.1499999994,38276147821.14,217418.00999999978,457999.1799999997,2
629919,0.2491460705798968,2528312,0.49089115583836174,0,1,309234,0.24544557791918087,118488.74000000022,132312.28000000026,463511.5499999998,22171752773.35,140516.70999999996,408105.7999999998,2
39604,0.01566420599989242,2528312,0.6708831821389132,0,1,26571,0.3354415910694566,149953.91999999993,139425.93000000017,156081.80000000028,1511535843.8100002,86216.1000000001,429002.8200000003,4
618898,0.24478703577723002,2528312,0.32461223140182066,0,1,200910,0.16230591794050733,81444.29999999981,113488.64999999944,458552.0999999996,14405521023.500002,117646.52999999933,315367.1699999999,2
671988,0.2657852353665212,2528312,0.9044164644236945,0,1,607781,0.45220842997225025,210830.46999999974,180488.50999999978,482442.60000000056,43578358073.11,199594.75,644972.4300000006,3
1209951,0.47856079471204505,2528312,0.8295036372093317,0,1,1003698,0.41475181860466587,201929.73000000045,185525.95999999996,724525.9500000002,71964664058.65,265303.3900000006,679522.2700000005,3
298128,0.11791582684415532,2528312,0.23090465100826163,0,1,68842,0.11545252326453381,56052.390000000596,97301.56000000052,314205.60000000056,4936013360.5199995,64235.520000000484,222443.37000000104,2
219403,0.08677845139365711,2528312,0.38488248285812826,0,1,84448,0.19244143918946713,89082.87999999989,112512.70000000019,278779.35000000056,6055263221.599999,73601.0,295491.73000000045,4
997508,0.3945351681279842,2528312,0.7867415097503789,0,1,784811,0.39337075487518947,189393.41999999993,175265.4299999997,628926.5999999996,56270354532.64,229602.3700000001,624789.4100000001,3
410398,0.16232094773113445,2528312,0.1516260651375305,0,1,62229,0.07581303256876525,40074.669999999925,90594.9299999997,364727.0999999996,4461947601.58,68476.33999999985,175038.66000000015,2
1173960,0.46432560538414563,2528312,0.8601568951933147,0,1,1009829,0.43007824983625437,208212.11000000034,188224.08000000007,708330.0,72404051740.58,264308.0999999996,691722.5499999998,3
11909,0.0047102572783738715,2528312,0.26041762250861444,0,1,3101,0.13020861349390422,58493.58999999985,95335.54999999981,74923.04999999981,176491961.78,33344.939999999944,202935.06999999983,4
358235,0.14168939592898344,2528312,0.549266467113236,0,1,196774,0.274633035796215,127542.33999999985,133155.75999999978,341253.75,14109825893.46,111985.87999999989,403683.0,4
454689,0.17983895974863862,2528312,0.1790301197004167,0,1,81406,0.08951505985020836,46793.79000000004,94368.87000000011,384658.0499999998,5837132221.400001,77625.09999999963,191867.7399999993,2
1132152,0.4477896715278811,2528312,0.36027634247671964,0,1,407903,0.18013836899876282,96719.83999999985,127266.41000000015,689516.3999999994,29246409555.379997,191483.3099999996,404803.8099999996,2
137510,0.05438806602982543,2528312,0.7926846053809815,0,1,109006,0.39634230269049076,178377.8900000006,154757.20999999996,241927.5,7816215914.72,113981.91000000015,509585.1699999999,4
833103,0.3295095700214214,2528312,0.2937287803087594,0,1,244716,0.1468643901543797,77666.31000000052,113975.94000000041,554944.3500000006,17546226881.209995,142158.6299999999,327365.79000000004,2
497239,0.19666837004293775,2528312,0.25590987188290054,0,1,127253,0.12795493594145027,64458.28000000026,103608.59999999963,403805.5499999998,9124256493.33,92904.25999999978,261877.89999999944,2
686749,0.27162351798354,2528312,0.08549261325342758,0,1,58714,0.04274630662671379,29367.92999999877,86759.21999999881,489085.0499999989,4209801177.77,95704.90999999922,183054.61999999918,2
316835,0.1253148345615573,2528312,0.07519087834096425,0,1,23824,0.03759543917048212,21775.919999999925,76994.95999999996,322623.75,1708314692.8,47029.299999999814,129020.6099999994,2
741330,0.2932114390945421,2528312,0.8675982236369562,0,1,643202,0.4337993095788811,203657.86000000034,178111.83000000007,513646.5,46117275741.45,204443.71999999974,634008.0999999996,3
911472,0.360506140064992,2528312,0.5831519211236588,0,1,531547,0.2915759605618294,142996.16999999993,148641.04000000004,590210.3999999994,38111737180.759995,190773.8599999994,498292.19999999925,2
284220,0.11241492347463446,2528312,0.3920247975724515,0,1,111426,0.19601220102582276,91598.79999999981,114539.26999999955,307946.99999999907,7989762354.43,82683.0399999991,307724.44999999925,4
682893,0.2700983897556947,2528312,0.13874513904929456,0,1,94752,0.06937276728505026,41126.71999999974,93774.9299999997,487349.8499999996,6793858513.92,102089.96999999974,205071.16000000015,2
1044556,0.4131436310075655,2528312,0.41982199981647833,0,1,438545,0.2099108021478362,108669.29000000004,132510.21999999974,650098.2000000002,31443659111.030003,187431.3099999996,426057.1299999999,2
996353,0.3940783415970814,2528312,0.27478175161926216,0,1,273790,0.13739087580963108,75804.31000000052,114790.08000000007,628406.8500000006,19631110487.94,161633.83999999985,338883.8700000001,2
1096285,0.43360352677992275,2528312,0.4067243283265673,0,1,445903,0.20336216416328365,106506.41999999993,131999.84999999963,673376.25,31971129737.3,192774.21999999974,425852.88999999966,2
823400,0.32567183164103164,2528312,0.29546590768860803,0,1,243296,0.14773295384430402,77909.37000000011,113994.25999999978,550578.0,17444325585.68,141083.22999999952,327020.77999999933,2
203725,0.0805774761975579,2528312,0.11817963922174161,0,1,24077,0.0590900173712738,29691.820000000298,83481.35000000056,271724.25,1726445854.37,38430.23000000045,135499.20999999996,2
896998,0.35478137191928844,2528312,0.6237109976933226,0,1,559489,0.3118554988466613,151783.01999999955,154103.25,583697.0999999996,40114868847.57,194112.45999999996,518927.5099999998,2
603269,0.23860544110062365,2528312,0.920853518078465,0,1,555544,0.4604265612788295,213490.58000000007,180554.03000000026,451519.0499999998,39832275505.25001,192210.4299999997,644566.1899999995,3
389457,0.15403834653318102,2528312,0.8294980999180481,0,1,323066,0.41474904995902406,190159.52000000048,165001.0,355303.6500000004,23163510625.58,151485.08000000007,563651.3600000003,4
250122,0.09892845503244853,2528312,0.9668557519799772,0,1,241841,0.4834276782295856,218632.54000000004,176375.09999999963,292602.89999999944,17340815503.64,150207.13999999966,621713.3099999996,4
57330,0.02267520780663146,2528312,0.2130112897458858,0,1,12212,0.10650584263334588,48631.54000000004,91120.77000000002,189522.5,694767744.4499999,31583.299999999814,181729.75999999978,4
1097341,0.4340211967510339,2528312,0.34202384832251714,0,1,375331,0.17101212192166157,92169.50999999978,124473.29999999981,673851.4500000002,26911001524.440002,184284.5,389872.1099999994,2
1160292,0.4589196270080591,2528312,0.607429383715301,0,1,704823,0.3037148896180535,151951.4400000004,158238.5,702179.4000000004,50535469342.23,228478.7000000002,546985.54,2
187679,0.07423094934485934,2528312,0.31582731878027714,0,1,59276,0.15791365939013857,73309.22000000067,104471.60000000056,264503.55000000075,4250355684.4100003,61057.34000000078,254042.02000000048,4
28071,0.011102664544565701,2528312,0.04681661124101772,0,1,1314,0.023408503380911848,11342.610000000335,62130.360000000335,129479.95000000019,74827620.24,8514.740000000224,75596.83000000007,4
1064996,0.4212280762817247,2528312,0.2510109511800759,0,1,267336,0.12550547559003794,71512.74000000022,113275.70000000019,659296.2000000002,19168161610.66,167755.59000000078,335063.8800000008,2
514078,0.20332854489477564,2528312,0.785562066706957,0,1,403856,0.3927810333534785,182200.11000000127,163249.45000000112,411383.10000000056,28957581520.12,162694.13000000082,556158.7000000011,4
770109,0.3045941323697392,2528312,0.384030135521249,0,1,295757,0.1920150677606245,96794.9600000009,123054.01000000071,526597.0500000007,21205999059.56,145491.8200000003,368396.66000000015,2
452382,0.1789264932492509,2528312,0.35600353120975575,0,1,161056,0.17800176560487788,86017.9299999997,113829.75999999978,383619.9000000004,11547824929.21,99803.44000000041,310189.3300000001,2
50210,0.01985909966807894,2528312,0.8644095348991738,0,1,43404,0.4322045696891839,193037.24999999953,160223.46999999974,176978.49999999953,2469077695.9,111035.87999999989,537365.2599999993,4
1183607,0.46814119459940073,2528312,0.34488109062489125,0,1,408219,0.1724407430728486,94041.29000000004,126437.98000000045,712671.1500000004,29269502451.41,196467.80000000075,403258.1900000004,2
619176,0.2448969905612915,2528312,0.3497436234135661,0,1,216561,0.17487161394638004,87024.81000000052,116304.4600000009,458677.2000000011,15527203438.98,120917.06000000052,329110.0700000003,2
892235,0.3528975063204225,2528312,0.4202214758305146,0,1,374951,0.21011093567566028,106574.68999999948,129559.69999999925,581553.75,26883556556.989998,166717.08000000007,405129.3799999999,2
93086,0.03681744974512639,2528312,0.861952955173254,0,1,80239,0.430976477586627,193106.7999999998,161048.5700000003,221936.7000000002,5754329152.219999,116990.93000000063,542487.1100000003,4
828987,0.32788160638402225,2528312,0.7298197374374682,0,1,605035,0.3649098687187341,174350.31999999937,164636.1099999994,553092.1499999994,43381371453.29,198637.91999999993,568843.7299999995,3
151667,0.059987454080034426,2528312,0.9975746664177523,0,1,151305,0.49878733320887614,224033.91999999993,177257.88999999966,248298.15000000037,10849241380.35,141178.24000000022,625832.4100000001,4
419854,0.16606099247244802,2528312,0.25040145361806615,0,1,105136,0.12520052904863008,62126.080000000075,101609.15000000037,368982.2999999998,7538751952.63,82200.54000000004,248715.2999999998,2
585468,0.23156477523343638,2528312,0.9602703305604688,0,1,562229,0.48013536304063736,221983.21999999974,184489.58999999985,443508.5999999996,40312368401.89,194819.44999999925,664291.4899999993,3
43156,0.017069095902720866,2528312,0.0014416733377842607,0,1,62,0.0007206389084891422,382.37999999988824,45470.189999999944,163408.19999999972,2404825.5799999996,3771.4699999997392,49034.85000000009,2
622038,0.24602897110799615,2528312,0.21956506950091603,0,1,136583,0.10978233699005502,58183.10000000056,101791.26000000071,459965.10000000056,9793007929.59,104539.20000000019,258747.52000000048,2
494514,0.19559057584665185,2528312,0.4892572593888729,0,1,241954,0.24462882745483944,116184.58999999985,129374.07999999914,402579.2999999998,17348376538.71,122283.919999999,388847.3599999994,2
312257,0.12350414031179696,2528312,0.9862833384487357,0,1,307986,0.49314166922436786,223831.5700000003,180127.22000000067,320563.6500000004,22083125274.15,160902.88000000082,641033.9000000004,4
773995,0.30613112622176375,2528312,0.969312331705897,0,1,750272,0.4846561658529485,226691.7000000002,190478.41999999993,528345.75,53795622141.270004,222233.74000000022,696121.6399999997,3
232157,0.09182292375308111,2528312,0.5023972516050235,0,1,116640,0.25119842804210873,115337.78000000026,125450.38000000082,284518.6500000004,8363849035.66,89871.5700000003,361340.22000000067,4
956976,0.3785039188201456,2528312,0.3782737257110673,0,1,362013,0.18913686285553366,98198.6400000006,125999.3900000006,610687.2000000011,25956547326.16,169986.24000000022,390946.80000000075,2
353590,0.1398522017852227,2528312,0.010001139099921213,0,1,3536,0.005000569549960606,2697.070000000298,49103.66000000015,339163.5,134160640.58,43157.700000000186,91043.53000000026,2
545418,0.21572416695407845,2528312,0.8267966928132288,0,1,450967,0.4133983464066144,191795.3799999999,168602.4299999997,425486.0999999996,32334167561.49,172216.57999999914,583605.5099999998,3
324278,0.1282586959204402,2528312,0.21460721619800088,0,1,69595,0.10730360809900044,52814.10000000056,95994.09000000078,325973.10000000056,4990437835.359999,65490.35000000056,217100.5100000007,2
569899,0.2254069118051886,2528312,0.805203234410943,0,1,458902,0.4026014194450685,187359.72999999952,166809.74999999907,436502.5499999989,32904220018.82,172793.54999999888,574892.8299999991,3
383619,0.15172929606789035,2528312,0.015350162479947095,0,1,5889,0.007675081239973547,9297.330000000075,56395.25,352676.5499999998,422292096.76,47692.55999999959,99443.70000000019,2
1259922,0.49832536490749557,2528312,0.918161998993795,0,1,1156857,0.4590809994968975,222313.50999999978,197261.34999999963,747012.8999999994,82946559760.45,284385.8799999999,737209.3099999996,3
260985,0.10322499754777101,2528312,0.2034301937419116,0,1,53094,0.10171529463135878,49425.71999999974,93668.5,297491.25,3807254709.27,56138.449999999255,176658.19999999925,2
37220,0.014721284398444496,2528312,0.5022516999484241,0,1,18695,0.25112565221380906,112508.05000000028,121441.3200000003,150953.0,1063502272.53,65268.610000000335,336100.4000000004,4
124611,0.04928624315353485,2528312,0.09342834270453963,0,1,11643,0.046714171352269816,23069.150000000373,79520.09000000078,236122.9500000002,835029538.02,25840.360000000335,116132.24000000022,2
215981,0.0854249791956056,2528312,0.4235323804973437,0,1,91478,0.21176619024867185,97609.20999999996,116613.66000000015,277239.4500000002,6559461969.46,77992.23000000045,316102.29000000004,4
384043,0.15189699688962438,2528312,0.04192678751673053,0,1,16102,0.020963393758365267,15360.80999999959,66032.29999999981,352867.3499999996,1154653631.1100001,51266.12999999989,116158.08999999985,2
12838,0.0050776961071260195,2528312,0.9642101133088005,0,1,12379,0.48210505665440023,214642.35999999987,169834.45999999996,79357.1000000001,704245122.8199999,119720.47999999998,589448.3900000001,0
4649,0.0018387762269846443,2528312,0.3142009372261018,0,1,1461,0.1571004686130509,70322.63999999966,100891.69999999972,34348.049999999814,83163569.97999999,39357.5,231200.73999999976,0
339740,0.1343742386224485,2528312,0.8495691987381304,0,1,288644,0.4247845993690652,193899.66000000015,165946.52000000048,332931.0,20696133167.680004,147381.75,568118.0899999999,4
755124,0.2986672530921817,2528312,0.3475524381484564,0,1,262455,0.1737760213138252,88486.77999999933,118633.94999999925,519853.7999999998,18818120667.53,138735.1299999999,346348.77999999933,2
760612,0.3008378712753806,2528312,0.2776227775685912,0,1,211171,0.1388111910238926,73048.58999999985,110815.6400000006,522323.4000000004,15140945702.65,130368.70999999996,308811.3900000006,2
1230600,0.4867279038346533,2528312,0.5989672160714342,0,1,737118,0.2994836080357171,151080.3099999996,158843.5599999996,733818.0,52851013294.68,237159.81999999937,552232.5599999996,2
1114352,0.44074940118149974,2528312,0.9706669904663665,0,1,1081707,0.48533329747278026,231872.70999999996,199625.3700000001,681506.3999999994,77558324441.24,270614.1299999999,745942.9299999997,3
428878,0.16963017222557975,2528312,0.6806648071915175,0,1,291933,0.3403322058353558,157704.36000000127,149619.05000000075,373043.10000000056,20931347248.309998,137906.43000000063,485964.30000000075,4
1038137,0.4106047829540025,2528312,0.8542932992447134,0,1,886908,0.4271466496223567,204962.6299999999,184104.43999999948,647209.6499999994,63590434048.71,244281.3599999994,668814.7399999993,3
171464,0.06781757947595075,2528312,0.07605034505235113,0,1,13040,0.038025370286578555,19882.39999999944,74946.44999999925,257206.79999999888,935106120.3,29277.419999998994,111662.24999999907,2
536737,0.21229065083739665,2528312,0.7968553722800035,0,1,427718,0.3984278839004047,185027.64999999944,165060.27999999933,421579.64999999944,30666966128.48,167204.95999999996,565615.7199999997,3
875816,0.3464034502070947,2528312,0.8425063837058084,0,1,737909,0.4212533896133072,200019.1099999994,178654.32999999914,574165.1999999993,52907651214.86,219913.2899999991,638927.3599999994,3
439679,0.1739021924509317,2528312,0.6403988115390822,0,1,281581,0.3201994057695411,148929.05000000075,145442.98000000045,377903.55000000075,20190226529.899998,134238.63000000082,465052.5600000005,4
1216629,0.48120208265435593,2528312,0.34018981834520423,0,1,413901,0.17009490917260212,93471.78000000026,126510.37000000011,727531.0499999998,29676416788.55,200360.20999999996,405172.9199999999,2
774161,0.3061967826755559,2528312,0.045100446463885786,0,1,34916,0.022550223231942893,21663.16000000015,73394.09000000078,528420.4500000002,2503611043.5000005,101895.92000000086,168403.1900000004,2
466145,0.18437004610190513,2528312,0.6823698973860821,0,1,318096,0.34118494869304106,158619.29000000004,150686.91000000015,389813.25,22808238762.78,143095.4299999997,491985.6799999997,4
315160,0.12465233721154667,2528312,0.9535891931059142,0,1,300545,0.4767947943133601,216618.8200000003,176646.06000000052,321870.0,21549562496.179996,157182.6900000004,623067.5,4
530734,0.20991633943911986,2528312,0.8904268935163066,0,1,472598,0.4452132489977503,205700.48000000045,175296.28000000026,418878.2999999998,33885188716.99,178349.6900000004,617295.7999999998,3
851356,0.33672901129291005,2528312,0.994451238612956,0,1,846665,0.49722581706688096,233379.1200000001,196455.83999999985,563158.2000000002,60706185133.45,236402.43999999948,721447.29,3
714712,0.2826834662810602,2528312,0.1739674533839178,0,1,124341,0.0869837266919589,49399.03000000026,98285.31000000052,501668.4000000004,8915263097.44,110830.46999999974,223650.46999999974,2
811386,0.32092004467803026,2528312,0.07826526156581941,0,1,63506,0.039132828543312695,29553.87999999989,86144.81000000052,545171.7000000002,4553485007.429999,111109.35000000056,194695.97000000067,2
902002,0.35676055803239476,2528312,0.20252247349219557,0,1,182683,0.10126123674609779,58418.64999999944,104783.50999999978,585948.8999999994,13098571575.449999,139414.83000000007,260308.2999999998,2
179266,0.07090343280417923,2528312,0.6715393511560283,0,1,120389,0.33576947781761113,152104.20999999903,142769.14999999944,260717.69999999925,8632813542.6,104230.26999999955,447750.9799999995,4
616905,0.2439987628109189,2528312,0.16500772056613267,0,1,101798,0.08250405804346932,46007.919999999925,95599.94000000041,457655.25,7298965592.37,96847.52000000048,207151.0,2
171994,0.06802720550311829,2528312,0.4999272241717003,0,1,85988,0.24996361208585016,113927.83000000007,123952.18000000063,257445.30000000075,6165549651.509999,81993.0700000003,352266.5700000003,4
997314,0.39445843709162476,2528312,0.43678746926803336,0,1,435631,0.21839393239441968,111754.7899999991,133542.09999999963,628839.2999999998,31234582536.81,183219.1799999997,428867.5499999998,2
1108040,0.4382528738541762,2528312,0.04839671686089375,0,1,53628,0.024198358430446876,27184.16000000015,79926.8200000003,678666.0,3845141278.08,146526.7999999998,214714.02000000048,2
299208,0.1183429893146099,2528312,0.9890262752381827,0,1,295936,0.4945133353794943,224255.99000000022,180454.16999999993,314691.5999999996,21220324517.66,159505.4500000002,640802.1299999999,4
1067598,0.4222572214188755,2528312,0.6866866114625094,0,1,733134,0.3433433057312547,168203.9299999997,165348.97999999952,660467.0999999996,52565628306.58,226125.4899999993,578374.8199999994,3
1249044,0.49402288958008345,2528312,0.8168892921443239,0,1,1020370,0.40844484383256496,199691.28000000026,185013.48000000045,742117.8000000007,73159922934.23,269157.10000000056,678014.3200000003,3
345390,0.1366089311762156,2528312,0.5501283069494588,0,1,190016,0.2750641534747294,127548.88000000082,132979.24000000022,335473.5,13624270938.170002,110418.5700000003,402450.0600000005,4
316282,0.1250961115558523,2528312,0.8457868332705774,0,1,267518,0.4228932188748857,192724.7000000002,164944.41999999993,322374.9000000004,19182364945.34,143791.6299999999,562830.6500000004,4
268865,0.10634170149886564,2528312,0.15304123858131433,0,1,41149,0.07652061929065716,38361.299999999814,88346.1099999994,301037.25,2950629292.93,50814.9299999997,157477.7999999998,2
476643,0.1885222235230462,2528312,0.7177183828578119,0,1,342109,0.35885919142890593,166611.1900000004,154836.6799999997,394537.3499999996,24529072845.219997,148997.16000000015,513112.2000000002,4
227718,0.09006720689535153,2528312,0.8837975692873348,0,1,201264,0.4418987846436674,199885.1299999999,166818.34999999963,282521.0999999996,14432031923.47,136893.2999999998,572206.4499999993,4
1055001,0.41727484582598984,2528312,0.838830808855869,0,1,885002,0.4194154044279345,201775.1799999997,182733.03000000026,654798.4500000002,63454152093.25,244608.16000000015,662477.3900000006,3
363976,0.1439600808760944,2528312,0.7267164811937767,0,1,264518,0.36335824059688837,166990.7100000009,153127.81000000052,343837.2000000011,18966198867.280003,135115.70000000112,502822.18000000063,4
1015581,0.4016834156543971,2528312,0.5460461367109756,0,1,554576,0.2730232661158908,136256.06000000052,146561.05000000075,637059.4500000002,39762782447.06,200210.4500000002,492182.3700000001,2
144224,0.057043592721151504,2528312,0.2557401934571366,0,1,36885,0.1278702944889713,59356.76999999955,97227.75,244948.7999999998,2645294956.08,48285.75999999978,216310.76999999955,4
842099,0.3330676751919858,2528312,0.40257135986381426,0,1,339018,0.20128567993190713,101940.73999999929,126560.54999999888,558992.5499999989,24308006331.100002,157612.9699999988,388479.1199999992,2
939888,0.3717452592876196,2528312,0.23201290030660773,0,1,218075,0.11600625239290088,65504.919999999925,108839.52000000048,602997.6000000006,15636183916.279999,148374.79000000004,307757.5700000003,2
1031787,0.4080932258360519,2528312,0.4505195561307307,0,1,464858,0.22525977806536535,115296.97999999952,135819.6299999999,644352.1499999994,33330146683.51,189761.08000000007,441288.9399999995,2
897564,0.3550052366954711,2528312,0.3689414122940523,0,1,331161,0.18447090390742915,95278.1099999994,123787.13999999966,583951.7999999989,23744629140.850002,160703.01999999955,377614.2399999993,2
1052560,0.41630937953860125,2528312,0.21557663769344923,0,1,226916,0.10778812108632163,63476.25,108935.0,653700.0,16269971183.08,161361.58000000007,313919.2000000002,2
378276,0.14961602840155805,2528312,0.4140521422988935,0,1,156632,0.20702587338904377,97832.45000000112,118774.19000000041,350272.2000000011,11230920423.05,97529.68000000063,332060.2400000002,4
328626,0.12997842038482593,2528312,0.4739992532567183,0,1,155775,0.23699962662835916,110420.90000000037,124331.99000000115,327929.7000000011,11169420012.94,98666.10000000056,358348.82000000123,4
159929,0.06325524697901208,2528312,0.016068032742794402,0,1,2570,0.008033818610994213,6259.910000000149,53161.419999999925,252016.0499999998,184356413.95,20297.709999999963,72392.58999999985,2
746939,0.2954299152952642,2528312,0.2816922911412832,0,1,210415,0.1408461455706416,73757.80999999959,111027.41999999993,516170.5499999998,15086806257.55,129079.63999999966,309230.1299999999,2
1100907,0.435431623945146,2528312,0.010751046548052614,0,1,11836,0.005375523274026307,4781.980000000447,52202.40000000037,675456.1500000004,448920494.93000007,140299.13000000082,188432.63000000082,2
324834,0.12847860548856313,2528312,0.23281936722999377,0,1,75631,0.11640968361499689,56860.45999999996,97986.11000000034,326223.2999999998,5423064436.93,67849.33999999985,226910.31000000052,2
323210,0.12783627969965733,2528312,0.24064000012656667,0,1,77780,0.12031980230288034,58573.3200000003,98808.66999999993,325492.5,5576912924.5,68626.75,230893.08000000007,2
915006,0.36190391059331284,2528312,0.9537877445505143,0,1,872755,0.4768936745148542,225269.4400000004,192419.66000000015,591800.7000000002,62576897249.97,240049.65000000037,707524.4000000004,3
86417,0.034179721490069266,2528312,0.11144154677112635,0,1,9631,0.055720971145966164,26514.729999999516,80812.04000000004,218935.64999999944,547914004.3299999,21814.459999999963,116575.6099999994,4
785605,0.31072312277915065,2528312,0.5342362809653239,0,1,419715,0.26711814048266197,130339.20999999996,140406.80000000075,533570.25,30094159575.18,167153.27000000048,453521.33999999985,2
562319,0.2224088640958869,2528312,0.637863127651967,0,1,358696,0.31893136606558053,150123.99000000022,147995.1900000004,433091.5499999998,25718342937.75,150318.15000000037,480352.1500000004,3
28854,0.011412357335645284,2528312,0.8687602637649151,0,1,25068,0.43437993412205456,193698.59999999963,160142.83999999985,131440.2999999998,1426066110.99,109498.40999999968,537712.21,4
143389,0.056713332848161144,2528312,0.8183776369372134,0,1,117351,0.4091888184686067,184161.6299999999,157656.0599999996,244573.0499999998,8415674414.070001,117907.00999999978,524644.7199999997,4
753286,0.2979402858507969,2528312,0.5925222045380475,0,1,446356,0.29626090450862075,142803.3799999999,146332.0700000003,519026.7000000002,32003462680.55,170337.58999999985,481461.98000000045,2
545267,0.215664443312376,2528312,0.9486788022997161,0,1,517303,0.47433940114985806,218832.0599999996,182142.99000000022,425418.1500000004,37090147647.170006,187789.72999999952,652115.9699999997,3
596150,0.2357897284828771,2528312,0.06748257335328868,0,1,40231,0.03374108891624135,24076.5,78717.95000000019,448315.5,2884743744.55,81616.12000000011,159614.63999999966,2
1011244,0.3999680419188771,2528312,0.34278403931160395,0,1,346652,0.17139182189539898,91104.06000000052,122935.67000000086,635107.8000000007,24855128429.59,172662.60000000056,378570.7000000002,2
268092,0.10603596391584583,2528312,0.5488662000575878,0,1,147152,0.2744329022683909,126161.41000000015,131220.85000000056,300689.4000000004,10550881602.11,100264.77000000048,391562.11000000034,4
1127857,0.44609090966621207,2528312,0.5077794987327513,0,1,572725,0.2538895516059727,129378.5,144436.2000000002,687583.6500000004,41064196930.17,210624.34000000078,486621.16000000015,2
390526,0.1544611582747699,2528312,0.9144662525827508,0,1,357137,0.4572331262913754,209026.5300000012,174340.37000000104,355784.7000000011,25608012172.170002,162370.55000000075,611417.9100000011,4
283074,0.11196165663098541,2528312,0.26176160220732253,0,1,74101,0.13088099886406424,62681.14999999944,100382.89999999944,307431.2999999998,5313223129.41,66208.31999999937,237062.31999999937,2
862517,0.3411434190084135,2528312,0.7813616357474868,0,1,673964,0.3906808178737434,186265.74000000022,171331.97999999952,568180.6499999994,48322669400.700005,210037.99000000022,602563.04,3
1117091,0.4418327326690693,2528312,0.12995429361566135,0,1,145176,0.06497694904742769,45404.89999999944,100065.58999999985,682738.9500000002,10409168972.1,158636.24000000022,259182.8799999999,2
686459,0.27150881694980683,2528312,0.47113330949661275,0,1,323426,0.23556665474830638,114918.22000000067,131241.80000000075,488954.55000000075,23190183316.91,145555.73000000045,404922.6500000004,2
862149,0.3409978673518142,2528312,0.3000642325788906,0,1,258710,0.1500321162894453,79488.23999999929,115235.0399999991,568015.0499999989,18549460552.43,146883.82999999914,334759.3599999994,2
1245522,0.4926298653014343,2528312,0.6872969000661311,0,1,856077,0.34364825227266255,170891.18999999948,169615.3099999996,740532.8999999994,61379548305.2,251168.69999999925,604118.8300000001,3
977247,0.3865215210780948,2528312,0.2381822338382288,0,1,232772,0.1190913146795174,67412.08999999892,110217.55999999959,619809.1499999994,16690032011.65,154213.3599999994,316167.44999999925,2
13729,0.0054301051452510605,2528312,0.17202940143463308,0,1,2362,0.08601470071731654,38912.220000000205,86017.58000000007,83482.05000000028,134422751.33999997,22656.52000000002,133845.70999999996,4
1011032,0.3998841915080101,2528312,0.8611706150190325,0,1,870705,0.43058530750951624,206101.1799999997,184218.24000000022,635012.4000000004,62430482856.12,241371.13999999966,668822.25,3
921772,0.3645800043665497,2528312,0.950279475001503,0,1,875975,0.4751399352611545,224591.57999999914,192194.81999999937,594845.3999999994,62808588267.57,240547.69999999925,706507.79,3
1261747,0.49904719037840267,2528312,0.19283933312027945,0,1,243324,0.09641966656013973,61430.84999999963,109930.93999999948,747834.1499999994,17446485426.29,186651.22999999952,304795.9699999988,2
305155,0.12069515154775202,2528312,0.9760804837377666,0,1,297867,0.4880402418688833,221467.4400000004,178830.0700000003,317367.75,21359152491.170002,158674.36000000034,634336.2600000007,4
675984,0.26736573650720324,2528312,0.636635826591022,0,1,430372,0.318317913295511,151482.4500000002,150483.49000000022,484240.7999999998,30857387411.8,165536.65000000037,495332.88999999966,3
402774,0.1593054971063698,2528312,0.44766231382835664,0,1,180314,0.22383115691417832,105641.49000000022,122943.08999999985,361296.2999999998,12929425010.380001,104961.88999999966,353710.52999999933,4
801431,0.3169826350545344,2528312,0.9920698078401716,0,1,795106,0.4960349039200858,232131.75999999978,194790.94999999925,540691.9499999993,57008329007.10999,229050.7999999998,712935.3599999994,3
1155896,0.4571809175449865,2528312,0.27299993038833814,0,1,315572,0.13649976743376607,77696.20000000019,117485.87000000011,700201.2000000002,22626211438.86,183034.4600000009,359537.05000000075,2
939035,0.37140788004012165,2528312,0.2457473602941409,0,1,230774,0.12287368014707045,68540.55999999959,110405.37000000011,602613.75,16546764043.55,150071.8700000001,315180.21999999974,2
975493,0.38582777758441206,2528312,0.30239305908448005,0,1,294994,0.15119652954224003,81630.08999999985,117596.51999999955,619019.8499999996,21150850337.07,162466.3200000003,351320.25,2
1242139,0.4912918184148159,2528312,0.11565582095880572,0,1,143666,0.05782791047940286,44027.56999999937,100475.53000000026,739010.5499999998,10300953160.07,173572.4299999997,270190.16000000015,2
829684,0.32815728438578784,2528312,0.9869280373624774,0,1,818870,0.4934640186812387,231397.6299999999,193955.5700000003,553405.7999999998,58713294822.020004,232360.28000000026,714066.46,3
791187,0.3129309199181114,2528312,0.11318856217112445,0,1,89557,0.05659428108556223,37012.01999999955,92697.38999999966,536082.1499999994,6421188433.320001,113004.13999999966,208947.14999999944,2
1231457,0.4870668651653752,2528312,0.5680014966507299,0,1,699497,0.28400055056496193,144224.04000000004,153669.66999999993,734203.6500000004,50153568260.62,233106.66000000015,534966.1200000001,2
1076005,0.4255823648347198,2528312,0.19389023190175897,0,1,208635,0.09694531371128247,58996.85000000056,106820.73000000045,664250.25,14959016408.82,161632.98000000045,280077.4000000004,2
353664,0.13988147032486498,2528312,0.4038295115476255,0,1,142825,0.2019149535342157,95213.8599999994,117176.74999999907,339196.7999999989,10241211443.119999,93061.19999999925,323238.1199999992,4
444051,0.17563140941466085,2528312,0.6428047646018371,0,1,285449,0.32140258006132155,149524.6900000004,145807.56000000052,379870.9500000002,20466582398.789997,135123.49000000022,466977.75,4
1169043,0.4623808295811593,2528312,0.4882648976866779,0,1,570825,0.24413244884333896,125638.09999999963,142990.91000000015,706117.3499999996,40927540539.45,213706.36000000034,481534.6500000004,2
194792,0.07704428883777002,2528312,0.2752417423166128,0,1,53617,0.13762067339790343,64408.04000000004,100237.03000000026,267704.4000000004,3844770173.2999997,56886.87999999989,233076.91999999993,4
891694,0.3526835295643892,2528312,0.5756678764329719,0,1,513339,0.28783393821648595,141050.60000000056,147362.2600000007,581310.3000000007,36806095620.55,187069.55000000075,491348.93000000063,2
993346,0.3928890105335101,2528312,0.5174131990039204,0,1,513990,0.2587065995019602,129585.79000000004,142784.88999999966,627053.6999999993,36853219799.08,193355.44999999925,473097.56999999937,2
178449,0.07058029230569644,2528312,0.49782107587987556,0,1,88839,0.24891073570034078,113553.31999999937,123858.33999999892,260350.04999999888,6370206247.510001,82537.40999999922,351934.6199999992,4
737715,0.29178163138093716,2528312,0.5189755061875275,0,1,382871,0.25948775309376376,126265.04999999981,137684.45999999996,512019.75,27451940349.07,158667.3200000003,438435.16000000015,2
644081,0.25474743623413565,2528312,0.5556197178196361,0,1,357878,0.2778098589098181,133052.72000000067,139857.5100000007,469884.4500000002,25659519516.420002,150762.16999999993,445873.22000000067,2
437490,0.17303639740664917,2528312,0.9913115944551147,0,1,433706,0.4956555994671544,226748.0100000007,184558.36000000034,376918.5,31097598906.9,178467.04000000004,661107.8200000003,4
167247,0.06614966823714795,2528312,0.14389758858875012,0,1,24067,0.07194879429437506,34875.24999999907,85635.23999999929,255309.14999999944,1725674640.7399998,37194.979999999516,141112.6099999994,2
1217934,0.48171823730615526,2528312,0.9979567395163255,0,1,1215493,0.49897836975816273,239412.7999999998,207102.00999999978,728118.2999999998,87150810543.52,289121.16000000015,776616.2400000002,3
39966,0.015807384531655904,2528312,0.17700703077784705,0,1,7075,0.08850331762852053,40392.95999999996,86996.41000000015,156844.7000000002,402500940.33,25556.040000000037,138112.81999999983,4
373216,0.14761469312331707,2528312,0.7143983812124453,0,1,266635,0.3571991906062226,164391.32999999914,152001.87999999896,347995.19999999925,19117765568.44,134784.82999999914,497211.74999999907,4
226092,0.08942409006483377,2528312,0.41893089144061335,0,1,94721,0.20946544572030668,96731.36000000034,116316.58000000007,281789.4000000004,6791651612.92,78686.1400000006,314890.73000000045,4
738945,0.29226812197228824,2528312,0.634281291233044,0,1,468717,0.317140447856119,151865.4500000002,151671.33999999985,512573.25,33606796757.239998,173811.0599999996,502756.1200000001,3
852153,0.3370442413752733,2528312,0.940291783608985,0,1,801304,0.47014608956489545,221376.6400000006,189228.3700000001,563516.8500000006,57454547678.97001,229421.31000000052,690857.3500000006,3
725971,0.2871366350355494,2528312,0.7256810077237303,0,1,526844,0.36284050386186517,171955.5499999998,161694.3200000003,506734.9500000002,37774485484.89,183899.33999999985,552065.6799999997,3
78588,0.03108318910007942,2528312,0.7302884295925502,0,1,57394,0.3651440170358722,163689.00999999978,146662.52000000048,215412.60000000056,3264921381.1099997,97359.62999999989,465693.1400000006,4
1100494,0.43526827385227773,2528312,0.1323428437629533,0,1,145648,0.06617142188147665,45700.17000000086,100067.55000000075,675270.3000000007,10443079465.19,156726.8200000003,257933.10000000056,2
661823,0.26176476637377033,2528312,0.3328758476010872,0,1,220313,0.1664379238005436,83889.65000000037,115218.81000000052,477868.35000000056,15796324997.690002,124392.79999999981,325662.46999999974,2
839636,0.3320935074468657,2528312,0.12785130949028442,0,1,107353,0.06392565474514221,40959.360000000335,95174.44000000041,557884.2000000002,7697174242.2,121320.23000000045,221290.31000000052,2
728989,0.28833031682798643,2528312,0.04975098010055721,0,1,36269,0.024875490050278604,22045.699999999255,74375.0,508093.0499999998,2600587562.75,96591.13999999966,165471.51999999955,2
618281,0.24454299943994254,2528312,0.5616862159417034,0,1,347293,0.2808431079708517,134026.31000000052,139994.6400000006,458274.4500000002,24900864793.920002,148067.1299999999,445702.8300000001,2
733168,0.28998319827616215,2528312,0.9133508839098972,0,1,669666,0.4566754419549486,213691.51999999955,183073.6299999999,509973.5999999996,48014337470.08,209251.52999999933,658665.2299999995,3
1243933,0.4920013827407377,2528312,0.014766373770325815,0,1,18369,0.007383186885162907,21498.889999999665,69618.18999999948,739817.8499999996,1317097776.34,160029.38999999966,211501.91999999993,2
92811,0.03670868152348286,2528312,0.5220162701438746,0,1,48451,0.2610081350719373,117691.41000000108,124685.97000000067,221812.9500000002,3474159023.01,75003.98000000045,354451.5100000007,4
831144,0.32873474476251346,2528312,0.5358053120026326,0,1,445349,0.2679028537617193,131338.54000000004,141531.49000000022,554062.8000000007,31930935193.66,173557.3200000003,460705.55000000075,2
671281,0.26550560215669583,2528312,0.9495948284863577,0,1,637470,0.47479741424317884,220843.20999999996,185549.68000000063,482124.4500000002,45707431934.090004,205332.93000000063,670374.7300000004,3
1055790,0.41758691174190526,2528312,0.6592145273209952,0,1,696019,0.3296072636604976,161941.9400000004,161876.56000000052,655153.5,49904840597.27,220824.34000000078,561243.9700000007,3
1149618,0.4546978379250662,2528312,0.3138900578726043,0,1,360868,0.15694502893630216,86677.63999999966,122165.56999999937,697376.0999999996,25874502815.350002,187658.7399999993,381361.06999999937,2
1064285,0.42094686098867545,2528312,0.9910746774923348,0,1,1054827,0.4955373387461674,235683.40999999922,202007.5499999998,658976.25,75632015858.05,266188.0599999996,750293.7899999991,3
472609,0.1869266925917371,2528312,0.4281829141340151,0,1,202371,0.21409145706700755,102323.97000000067,122185.92000000086,392722.05000000075,14510640356.039999,111625.40000000037,352340.16000000015,2
911975,0.36070508703039816,2528312,0.13977388866563936,0,1,127475,0.06988694433281968,44642.94000000041,97753.73000000045,590436.75,9139985040.92,132491.00999999978,235754.22000000067,2
944118,0.3734183122969001,2528312,0.8218095709706713,0,1,775915,0.41090498324573865,196406.3799999999,177989.7999999998,604901.0999999996,55632189813.6,226751.0399999991,636975.8399999999,3
542872,0.21471717098206233,2528312,0.01975468217530115,0,1,10725,0.009877341087650576,12624.509999999776,60485.609999999404,424340.39999999944,769008626.4799999,68538.3599999994,122391.01999999955,2
37991,0.01502623093985236,2528312,0.9933524818139533,0,1,37740,0.4966760431465737,221467.83999999985,173634.33000000007,152631.9500000002,2146895414.9999998,125684.2799999998,608118.8999999994,4
1056924,0.4180354323358826,2528312,0.09903564117086815,0,1,104677,0.04951762282503109,37681.01999999955,95461.81999999937,655663.7999999998,7505278036.910001,146440.40999999922,238527.89999999944,2
690442,0.27308417632001114,2528312,0.18437044162271113,0,1,127302,0.09218522081135556,51359.960000000894,99038.67000000086,490746.9000000004,9127635837.22,108985.3900000006,224735.2000000002,2
808001,0.31958120674979984,2528312,0.7131762219219779,0,1,576269,0.35658811096098897,170358.10000000056,162239.52000000048,543648.4500000002,41318865135.14001,193564.03000000026,556553.6900000004,3
97470,0.03855141295852727,2528312,0.007814700084483244,0,1,762,0.003907350042241622,1651.6199999991804,47493.56999999937,223909.5,28934106.759999998,11771.849999999627,58955.65999999922,2
391637,0.15490058189020975,2528312,0.9411132803229981,0,1,368589,0.47055664016149906,214949.97999999952,177286.59999999963,356284.64999999944,26427969630.12,165885.65999999922,626526.3099999996,4
794644,0.31429823534437207,2528312,0.44394441825217773,0,1,352791,0.22197220912608887,110438.66000000015,130335.88000000082,537637.8000000007,25295687466.94,156605.95999999996,404762.0600000005,2
627413,0.24815489544011973,2528312,0.8111063824401419,0,1,508918,0.40555319122007094,189491.66000000015,168894.05000000075,462383.85000000056,36490321742.07,181416.06000000052,586210.040000001,3
294085,0.11631673622559241,2528312,0.4480206556785713,0,1,131761,0.22401032783928565,104164.31999999937,120813.30999999959,312386.25,9448114796.429998,90964.56999999937,339587.57999999914,4
936593,0.3704420182319271,2528312,0.5638240058980063,0,1,528094,0.2819122007094061,139068.74000000022,146951.8799999999,601514.8499999996,37863857390.38,191683.1200000001,491021.20999999996,2
291972,0.11548100076256411,2528312,0.004877167058495945,0,1,1424,0.002438781289650961,1650.4699999997392,47394.04000000004,311435.39999999944,54050762.580000006,34727.77999999933,80997.3599999994,2
185151,0.0732310727473508,2528312,0.21678139406845356,0,1,40139,0.10839089479462978,51299.51000000071,93774.52000000048,263365.9500000002,2878034324.84,48428.40000000037,200574.02000000048,4
263338,0.10415565800423365,2528312,0.7589656656298748,0,1,199872,0.3794828328149374,172701.22000000067,154205.36000000034,298550.10000000056,14330625044.0,125941.90000000037,507295.66000000015,4
1096800,0.4338072199950006,2528312,0.11775761852176472,0,1,129162,0.05887880926088236,42409.18999999948,98303.89999999944,673608.0,9260879644.68,154280.66999999993,251474.3799999999,2
569928,0.22541838190856192,2528312,0.1279312046930917,0,1,72914,0.06396560234654584,37110.43000000063,90667.17000000086,436515.60000000056,5228103821.4,85976.9600000009,185967.97000000067,2
1176582,0.46536266093741596,2528312,0.0833283234031243,0,1,98046,0.04166416170156215,35917.860000000335,93955.81000000052,709509.9000000004,7030039193.45,160390.16999999993,246610.95999999996,2
1099609,0.43491823793898854,2528312,0.5185740525694613,0,1,570251,0.2592868285243277,131369.6400000006,145114.68000000063,674872.0500000007,40887499305.78001,208164.3900000006,488663.67000000086,2
1238242,0.48975047383392556,2528312,0.17978121371096606,0,1,222621,0.08989080461588601,58196.47000000067,107981.08000000007,737256.9000000004,15961982220.89,181693.31000000052,296151.43000000063,2
440302,0.17414860191305503,2528312,0.39504222580124604,0,1,173945,0.19752111290062302,94504.96999999974,117897.12999999989,378183.89999999944,12471746594.699999,103184.43999999948,329885.0700000003,2
861189,0.34061816737807676,2528312,0.7257498283439702,0,1,625032,0.3628749141719851,173907.70999999996,164944.46999999974,567583.0499999998,44815734725.590004,202562.51999999955,571095.6600000001,3
919221,0.3635710307905037,2528312,0.6663912523454384,0,1,612585,0.3331954284123162,161573.8200000003,159518.2000000002,593697.4500000002,43923073414.729996,202801.9500000002,545962.71,3
872264,0.34499856030426623,2528312,0.8251473710523068,0,1,719774,0.4125736855261534,196116.47999999952,176580.6099999994,572566.7999999989,51607000102.24,217136.1099999994,628629.669999999,3
516648,0.2043450333661352,2528312,0.7400585845417812,0,1,382365,0.3700294900312936,172139.64999999944,158269.2999999998,412539.5999999996,27416487190.620003,157230.19999999925,531067.5199999996,4
372560,0.14735523147459648,2528312,0.16907525653479474,0,1,62993,0.08453782602780037,43404.48000000045,91860.13999999966,347700.0,4516591551.08,65870.04000000004,177174.36000000034,2
623255,0.24651031992886954,2528312,0.758154847977623,0,1,472542,0.3790774239888115,177685.61000000034,162864.02000000048,460512.75,33880872067.47,174029.3700000001,555931.8400000008,3
827199,0.3271744151829363,2528312,0.1943197674970494,0,1,160747,0.09715968598812172,55524.24999999907,102538.39999999944,552287.5499999989,11525473585.41,128364.6799999997,246930.0599999996,2
1043852,0.41286518436015807,2528312,0.9060752786839599,0,1,945845,0.45303744158157694,216534.2000000002,190262.89999999944,649781.3999999994,67817352030.630005,251974.08999999985,699006.0199999996,3
554240,0.21921345150440294,2528312,0.6275653479475635,0,1,347835,0.31378247621337874,147724.11000000034,146664.74000000022,429456.0,24940145439.680004,147912.8900000006,473521.10000000056,3
269897,0.10674987897063337,2528312,0.44088585585956164,0,1,118998,0.22044273016937782,102231.62000000011,119557.48000000045,301501.6500000004,8532714937.41,86978.11000000034,332536.2400000002,4
128642,0.05088058752242603,2528312,0.036009400738516446,0,1,4633,0.018004898129661214,10385.360000000335,59844.74000000022,237936.90000000037,332230937.39000005,19206.990000000224,81098.86000000034,2
501048,0.19817490879290214,2528312,0.649297634152747,0,1,325342,0.3246490148367765,151781.89999999944,147846.66999999993,405519.5999999996,23326889839.86,143552.72999999952,478337.63999999966,4
947164,0.3746230686719044,2528312,0.44600429060970326,0,1,422456,0.22300214530485163,113080.97999999952,133609.57999999914,606271.7999999989,30289751147.260002,177587.11999999918,427000.6899999995,2
1073560,0.4246153164641073,2528312,0.5568541382550888,0,1,597840,0.2784268713671414,139487.56000000052,149032.6900000004,663150.0,42865145209.18,209663.50999999978,506376.8300000001,2
277554,0.10977838178199525,2528312,0.22760719404883575,0,1,63176,0.11380359702441788,55025.71999999974,96579.53000000026,304947.2999999998,4530079919.96,61236.78000000026,218044.61000000034,2
648780,0.25660598850141914,2528312,0.2553541651505036,0,1,165675,0.12767728033565479,66510.00000000093,106279.54000000097,471999.00000000093,11879082783.13,112669.63000000082,281789.48000000045,2
1244588,0.4922604488686523,2528312,0.8364916988093242,0,1,1041128,0.4182458494046621,203977.75,187218.2999999998,740112.6000000006,74648468242.56001,271170.6400000006,688504.1800000006,3
219103,0.08665979515186417,2528312,0.6665577666047545,0,1,146050,0.33327888330237726,151568.61000000034,143163.5100000007,278644.35000000056,10471999487.6,108684.62999999989,450163.3799999999,4
493086,0.19502577213571742,2528312,0.35653906638104793,0,1,175811,0.17826953319052397,86722.33000000007,114664.87999999989,401936.7000000002,12606216834.08,105187.03000000026,315899.1299999999,2
871346,0.34463547220437984,2528312,0.760021310661026,0,1,662267,0.380010853090916,181657.16999999993,169108.70999999996,572153.6999999993,47484542408.95,208465.4299999997,591803.1200000001,3
1118706,0.44247149877072134,2528312,0.8105609592487003,0,1,906815,0.40528067738475315,196416.0,181028.24000000022,683465.7000000002,65017524008.25,249833.09999999963,655621.4100000001,3
381032,0.1507060837428292,2528312,0.5089008002176947,0,1,193915,0.25445040010884734,118912.97999999952,129212.95000000019,351512.4000000004,13903992581.560001,109864.79000000004,384467.29000000004,4
516086,0.20412275067317642,2528312,0.07245703853005483,0,1,37396,0.03622851926502742,24029.959999999963,79232.27000000048,412286.7000000002,2681274891.2000003,71935.16000000015,152506.79000000004,2
992545,0.39257219836792295,2528312,0.5897816408734365,0,1,585408,0.29489082043671827,145631.93999999948,151135.2000000002,626693.25,41973389781.63,202829.11000000034,513381.6200000001,2
999798,0.39544091077367033,2528312,0.7915743784786055,0,1,791445,0.3957873869997057,190501.33999999985,175881.9500000002,629957.0999999996,56747155193.58,230567.58999999985,627847.4799999995,3
470989,0.1862859488860552,2528312,0.4577192213619205,0,1,215589,0.22885941292055728,108852.0,125413.48999999929,391993.0499999998,15457834086.179998,115167.63999999966,368333.95999999996,2
260147,0.10289355111236272,2528312,0.3504812697167122,0,1,91180,0.1752406348583561,82036.20999999903,109575.59999999963,297114.14999999944,6538173584.950001,74428.97999999952,282033.2199999988,4
1018777,0.4029475001502979,2528312,0.9809244270485604,0,1,999382,0.4904624112846832,232779.4500000002,198288.41999999993,638497.6500000004,71655806117.96,258352.86000000034,737914.6500000004,3
1071499,0.42380014808298977,2528312,0.9364845003306554,0,1,1003481,0.4682420524049247,223675.14999999944,194514.5399999991,662222.5499999989,71949832700.62,259945.06999999937,720274.6099999994,3
410549,0.1623806713728369,2528312,0.5500618594540547,0,1,225836,0.27503092972702736,128466.88999999873,134337.69999999925,364795.0499999989,16192797423.81,118935.95999999903,411099.50999999885,4
169188,0.06691737412154829,2528312,0.941989358908236,0,1,159379,0.470994877214521,211956.3799999999,171569.9400000004,256182.60000000056,11428926629.189999,136540.0700000003,597009.0800000001,4
1246360,0.4929613117368426,2528312,0.9859071981622521,0,1,1228843,0.4929534013207231,237148.11000000034,204912.41999999993,740910.0,88106599727.18001,291585.86000000034,773885.4500000002,3
349814,0.13835871522185553,2528312,0.7522208493255579,0,1,263148,0.376110226902376,172446.5499999998,155573.32999999914,337464.2999999998,18867954138.47,136456.61999999918,515123.33999999985,4
720392,0.2849300244590066,2528312,0.7744514917462718,0,1,557930,0.3872259436335389,182693.47000000067,167066.6200000001,504224.4000000004,40004725428.86,189458.61000000034,578645.0900000008,3
90792,0.035910125016216356,2528312,0.08745874717993665,0,1,7941,0.04372957135037132,21257.400000000373,78327.59000000078,220904.40000000037,569418082.62,21136.06000000052,109774.12000000011,4
1218196,0.4818218637573211,2528312,0.6137719553599398,0,1,747724,0.3068861754403729,154187.66000000015,160305.48000000045,728236.2000000002,53610960949.590004,237420.2100000009,558785.1600000001,2
1053619,0.41672823607213033,2528312,0.6268625074753432,0,1,660500,0.3134312537376716,154732.75999999978,158066.0700000003,654176.5499999998,47357659955.94,216216.4299999997,542770.8300000001,2
705107,0.27888448893965617,2528312,0.4989463325728787,0,1,351824,0.24947316628643934,121355.99000000022,134752.7100000009,497346.1500000004,25225995252.59,151666.2100000009,422852.3400000008,2
63484,0.025109242846610702,2528312,0.4473913820762627,0,1,28403,0.2236954932777284,100714.33999999985,116145.08000000007,199571.7999999998,1615783171.3899999,61017.85000000009,308643.9700000002,4
970937,0.3840257847923832,2528312,0.004755742171061166,0,1,4618,0.002377871085530583,3412.1699999999255,49937.56999999937,616969.6499999994,175164327.45,122114.0,168345.81999999937,2
305187,0.12070780821354327,2528312,0.6491406123927743,0,1,198117,0.32457030619638716,148940.8799999999,143284.14999999944,317382.14999999944,14206069579.029999,117635.58000000007,451859.9299999997,4
232588,0.09199339322045696,2528312,0.15243174101930457,0,1,35455,0.07621606827005528,37705.919999999925,87661.87000000011,284712.60000000056,2542217971.6499996,46243.62999999989,152646.23000000045,2
1169362,0.4625070007182658,2528312,0.4588183736817292,0,1,536546,0.2294091868408646,119111.43999999948,139540.68999999948,706260.8999999994,38469911109.27,209801.61999999918,465149.95999999903,2
873035,0.3453035068456741,2528312,0.021052385939709973,0,1,18380,0.010526390730257974,17662.299999999814,66135.38999999966,572913.75,1317916349.09,111650.98999999929,166132.52999999933,2
963275,0.3809953043769915,2528312,0.18713631861890462,0,1,180271,0.0935683570698553,55886.56000000052,104080.90000000037,613521.75,12925588806.99,145589.08000000007,262119.08000000007,2
878091,0.3473032600406912,2528312,0.9856924303646069,0,1,865561,0.4928462151823034,231819.13999999966,195101.45999999996,575188.9500000002,62061884663.32,239031.03000000026,720316.46,3
353658,0.1398790972000291,2528312,0.5623328924594749,0,1,198881,0.28116624846933447,130376.62000000011,134486.61000000034,339194.10000000056,14260678214.76,113036.45999999996,410285.04000000004,4
788399,0.3118282079110489,2528312,0.15919277367666648,0,1,125512,0.07959618907793026,47177.81999999937,97874.39999999944,534827.5499999989,8999297590.68,118636.52999999933,227308.36999999918,2
1159082,0.4584410468328276,2528312,0.2792942484946478,0,1,323737,0.1396473220077269,79136.12000000011,118282.38999999966,701634.9000000004,23211919389.190002,184310.81000000052,363454.83999999985,2
36484,0.014430181085245809,2528312,0.5859098877037328,0,1,21377,0.2929551416122694,131057.12999999942,130295.28999999957,149333.7999999998,1216103307.8999999,75480.48999999976,381895.7999999998,4
932673,0.3688915766724993,2528312,0.4091322589933521,0,1,381601,0.20456612949667605,104694.25,129079.38999999966,599750.8499999996,27360450511.940002,170751.95999999996,404600.4900000002,2
1117991,0.44218870139444816,2528312,0.5429401118216423,0,1,607026,0.27147005591082113,137035.71999999974,148341.41999999993,683143.9500000002,43523295624.56,213958.53000000026,504865.46999999974,2
211460,0.08363682963178595,2528312,0.196209961428811,0,1,41492,0.0981049807144055,47113.049999999814,92022.5700000003,275205.0,2975477673.0800004,49099.049999999814,167488.81000000052,2
578130,0.228662443559181,2528312,0.278265498878303,0,1,160880,0.1391327494391515,70576.23000000045,107558.73000000045,440206.5,11535280296.72,106322.70000000019,284721.16000000015,2
64328,0.02544306240685485,2528312,0.19663435525362377,0,1,12650,0.09831697986640889,45095.95999999996,89501.8200000003,200899.6000000001,719636265.5400001,30221.310000000056,148200.64000000013,4
1221852,0.48326788782397107,2528312,0.6815796468157411,0,1,832822,0.34078982340787056,169282.18999999948,168383.72999999952,729881.3999999994,59713399941.98,247066.97999999952,597501.9799999995,3
1079002,0.42676774069023127,2528312,0.37557904245994955,0,1,405266,0.1877893234695718,99347.9299999997,128034.34999999963,665598.8999999994,29057746608.299995,186254.74000000022,406071.3499999996,2
1146594,0.45350178300779337,2528312,0.7277606561215546,0,1,834478,0.3638803280607773,178452.1400000006,172023.50000000093,696015.3000000007,59832196118.920006,242689.03000000026,612801.3400000008,3
129541,0.05123616072699888,2528312,0.713646496160284,0,1,92450,0.35682305031973904,160729.75,146107.89999999944,238341.4500000002,6630354304.14,103196.70999999996,464690.58999999985,4
1079974,0.42715218691364043,2528312,0.3847120133907524,0,1,415495,0.1923560066953762,101390.96999999974,129116.91999999993,666036.2999999998,29790479474.81,187605.3799999999,411307.7599999998,2
323197,0.12783113792917963,2528312,0.8575559503732134,0,1,277170,0.4287777774262037,195433.9400000004,166399.48000000045,325486.6500000004,19873353176.3,146186.38999999966,570346.6500000004,4
508215,0.20100960640933555,2528312,0.660714342217258,0,1,335798,0.330357171108629,154418.1099999994,149277.8799999999,408744.75,24076589280.57,145969.45999999996,485668.7299999995,4
540532,0.21379165229607738,2528312,0.2917579001325786,0,1,157711,0.14587914782669228,73032.09999999963,108372.46999999974,423287.4000000004,11308288046.710001,103125.9299999997,287012.5800000001,2
814872,0.32229883020766426,2528312,0.34246129433392714,0,1,279073,0.17123044940656057,88215.14999999944,119187.29000000004,546740.3999999994,20009496043.34,146082.20999999996,351725.6699999999,2
1136442,0.44948645578552016,2528312,0.8868126243912935,0,1,1007850,0.44340650995604974,213584.81000000052,190393.1200000001,691446.9000000004,72261824089.61002,262545.3400000008,701436.3500000006,3
180526,0.07140178901970959,2528312,0.07330582617968036,0,1,13234,0.03665291308984018,19401.38000000082,74103.73000000045,261284.70000000112,948974955.3100001,30027.66000000108,111028.81000000052,2
429689,0.1699509395992267,2528312,0.4360067111970358,0,1,187355,0.2180031578381149,103439.66000000015,122196.06999999937,373408.0499999998,13433434686.689999,106994.81999999937,350894.26999999955,2
905850,0.35828252209379224,2528312,0.35307074443344016,0,1,319842,0.1765351744563171,91874.24000000022,122123.43999999948,587680.5,22932487850.8,159734.25999999978,369999.0999999996,2
1212930,0.47973905119304894,2528312,0.9630721999500061,0,1,1168184,0.48153629773540607,231605.4400000004,201337.0,725866.5,83759607594.35,283709.4900000002,755973.7800000003,3
903534,0.3573664959071507,2528312,0.5533901670363468,0,1,500026,0.2766952812785764,136282.96999999974,145059.46999999974,586638.2999999998,35852414059.979996,185771.28000000026,480585.04000000004,2
23724,0.009383335600985955,2528312,0.18019255534918158,0,1,4275,0.09009647543499379,40868.51000000024,87054.18000000017,118111.80000000028,243253012.01,24507.810000000056,137940.77000000002,4
630597,0.24941423368634882,2528312,0.03506094184578486,0,1,22110,0.01753027316248944,17377.179999999702,67444.0700000003,463816.6500000004,1585334472.67,81900.54000000004,143311.3700000001,2
940118,0.37183622907299413,2528312,0.4729269963517161,0,1,444624,0.23646369593626104,118953.87999999989,136567.68999999948,603101.0999999996,31879580204.58,180178.70999999996,440943.4299999997,2
622699,0.24629041036074661,2528312,0.004179072835947462,0,1,2602,0.002089536417973731,2396.879999998957,48447.479999999516,460262.5499999989,98737545.19,76496.74999999907,122553.39999999944,2
654807,0.25898979239903935,2528312,0.5934168726011663,0,1,388589,0.29670863406098613,141589.61000000034,145143.8900000006,474711.1500000004,27861663028.63,157083.42000000086,468342.16000000015,2
239186,0.09460303949828977,2528312,0.7162157993159072,0,1,171315,0.35810770189755065,162870.10000000056,148999.95999999996,287681.7000000002,12284075926.46,117462.75,480336.6200000001,4
473900,0.18743730995225272,2528312,0.6709935324437807,0,1,317996,0.33549656846148734,156206.3099999996,149611.14999999944,393303.0,22800340603.43,142685.5499999998,486703.7299999995,4
74519,0.029473814940561133,2528312,0.8418719683330221,0,1,62738,0.42093618192691407,188385.66999999993,158440.08999999985,213581.5499999998,3568900063.4,110701.44999999972,527254.7899999996,4
780259,0.3086086685504004,2528312,0.9684635440562716,0,1,755682,0.4842317720281358,226593.88000000082,190545.0100000007,531164.5500000007,54181766829.38,223002.40000000037,696528.8200000003,3
364325,0.1440981176373802,2528312,0.45261858504804786,0,1,164907,0.22630909476362093,106189.8200000003,122717.48000000045,343994.25,11823957286.240002,100589.33000000007,351335.4500000002,4
795346,0.3145758909501675,2528312,0.707509595334753,0,1,562737,0.3537545999069735,168919.83999999985,161293.83000000007,537953.6999999993,40348850374.64,191080.3799999999,551598.8799999999,3
418055,0.16534945054249633,2528312,0.03639107831628375,0,1,15214,0.018195539158141875,14623.97000000067,64564.41000000015,368172.75,1090929669.02,54860.31000000052,116942.16000000015,2
128394,0.050782498362543865,2528312,0.4525782419258383,0,1,58111,0.2262893187233221,102798.44000000041,117995.50000000093,237825.30000000075,4167302365.77,70741.76000000071,320875.5800000001,4
1167438,0.46174601868756704,2528312,0.9002271080467917,0,1,1051000,0.4501137517837988,217006.83000000007,192761.55000000075,705395.1000000006,75356486023.82,268756.5100000007,713554.1299999999,3
1147350,0.45380079673711154,2528312,0.6391489657921965,0,1,733356,0.31957448289609824,158803.0499999998,161659.58000000007,696355.5,52581022175.170006,230922.43999999948,562971.1099999994,2
506378,0.20028303468875677,2528312,0.9762030951876193,0,1,494347,0.48810154759380964,224380.93000000063,184172.86000000127,407918.10000000056,35446350687.62,185966.5300000012,662189.0100000007,3
1155357,0.4569677318305652,2528312,0.1226680093279627,0,1,141731,0.06133420242438433,44336.69000000041,99854.36000000034,699958.6500000004,10162049822.260002,162807.45999999996,261351.79000000004,2
818412,0.32369897386082097,2528312,0.5790938776543402,0,1,473956,0.2895469388271701,140760.6400000006,146197.91000000015,548333.4000000004,33982907234.66,177478.78000000026,483036.85000000056,2
592294,0.23426460025503182,2528312,0.3550309455478596,0,1,210291,0.17751527501352682,87808.5700000003,116384.05000000075,446580.30000000075,15078084560.570002,118039.40000000037,328369.92000000086,2
692178,0.2737708004391863,2528312,0.9642112998712185,0,1,667432,0.4821058476960122,224385.7100000009,187741.72000000067,491528.10000000056,47854612821.03001,210131.66000000108,681590.3200000012,3
856659,0.3388264581270033,2528312,0.21729596663702896,0,1,186156,0.10864798331851448,61044.18000000063,105677.10000000056,565544.5500000007,13347437882.960001,135297.11000000034,288565.29000000097,2
199147,0.07876678194779758,2528312,0.774144567600834,0,1,154175,0.38707248156082,175149.9699999988,154281.14999999944,269664.14999999944,11054399456.999998,119526.7899999991,507278.0599999996,4
1093403,0.4324636358170985,2528312,0.41514061555694076,0,1,453934,0.20757011001806738,108333.0700000003,132925.34000000078,672079.3500000006,32546797749.479996,193502.16999999993,430172.97000000067,2
136552,0.05400915709769997,2528312,0.9211315692050664,0,1,125787,0.4605657846025332,206860.5,168483.66000000015,241496.39999999944,9020904258.519999,129772.37000000011,581078.2400000002,4
454447,0.17974324371359232,2528312,0.7408116561563605,0,1,336673,0.37040602583858323,171415.38999999873,156851.17999999877,384549.14999999944,24139430753.88,148955.7199999988,522961.17999999877,4
383517,0.15168895294568074,2528312,0.030892943592404735,0,1,11848,0.015446669556605355,12909.03000000026,62027.37999999989,352630.64999999944,849641704.6899999,49808.43999999948,109122.31999999937,2
97099,0.038404674739509995,2528312,0.3060532086229864,0,1,29719,0.1530266043114932,69841.419999999,101741.45999999903,223742.54999999888,2130894891.73,48858.01999999955,237557.49999999907,4
1030988,0.4077772047120767,2528312,0.8120251772724253,0,1,837221,0.40601239087580965,195483.61000000034,179021.99000000022,643992.6000000006,60027687064.99,237658.3799999999,643866.8900000006,3
1126132,0.44540863627590266,2528312,0.7951862744787827,0,1,895519,0.3975933349997943,193112.4400000004,179416.50999999978,686807.4000000004,64208657247.99,248826.74000000022,647987.7800000003,3
462207,0.18281248516796977,2528312,0.5494887498061948,0,1,253987,0.2747445726635004,129082.10000000056,135358.81000000052,388041.1500000004,18211642851.55,125677.8900000006,417727.9400000004,4
192226,0.07602938244963438,2528312,0.4326657469489525,0,1,83173,0.21633287347447624,99295.36000000034,117130.17000000086,266549.7000000011,5964176661.099999,76155.17000000086,318057.7600000007,4
425453,0.16827551346511033,2528312,0.8423232575726414,0,1,358383,0.4211616287863207,193519.04000000004,167311.47000000067,371501.85000000056,25695835278.929996,157939.23000000045,575754.2999999998,4
1145204,0.45295200908748606,2528312,0.1328593939355586,0,1,152157,0.0664296969677793,46452.66000000015,100878.63999999966,695389.7999999998,10909764648.54,162808.08000000007,264159.88999999966,2
715108,0.28284009252022696,2528312,0.9650513860631125,0,1,690143,0.48252589079195923,224903.51999999955,188442.03000000026,501846.5999999996,49484531692.03,213442.70999999996,685322.5999999996,3
616699,0.24391728552488776,2528312,0.01680172383788077,0,1,10362,0.008400861918940385,12985.769999999553,60566.90999999922,457562.5499999989,743021442.8799999,77612.82999999914,130055.00999999885,2
941310,0.3723076898737181,2528312,0.4764578105866681,0,1,448512,0.23822890529333404,119755.33999999985,136998.6299999999,603637.5,32158329501.72,180807.96999999974,443070.04000000004,2
205947,0.08145632342843763,2528312,0.6124865127405162,0,1,126145,0.3062430586098551,139381.17999999877,137029.81999999937,272724.14999999944,9044887672.98,100265.46999999881,418548.76999999955,4
773358,0.30587917946835674,2528312,0.7133973180525188,0,1,551733,0.3566988567866624,169909.90000000037,161437.9299999997,528059.1000000006,39559607394.6,188818.45999999996,551815.29,3
848933,0.33577066438002906,2528312,0.6233922079237056,0,1,529239,0.3116961039618528,151027.71999999974,152964.3599999994,562067.8499999996,37946948194.369995,187461.43999999948,512014.5999999996,2
337894,0.13364410721461592,2528312,0.3892945174487959,0,1,131545,0.19464725872439795,91759.97000000067,115281.45000000019,332100.30000000075,9431827715.400002,89198.50000000093,313232.1500000004,4
98817,0.039084179484177584,2528312,0.3706809127987369,0,1,36631,0.18534025863896544,84203.1099999994,108669.50999999978,224515.64999999944,2627387700.3599997,57042.229999999516,272684.7299999995,4
248711,0.09837037517521571,2528312,0.10917600359449309,0,1,27154,0.05458819955764953,28342.210000000894,83258.27000000048,291967.9500000002,1947185638.49,42832.75000000093,137608.8900000006,2
594208,0.2350216270776708,2528312,0.1705256313303105,0,1,101332,0.08526281566515526,46906.12000000011,95826.54999999981,447441.5999999996,7265525194.16,94596.62000000011,206447.11000000034,2
550852,0.21787342701375464,2528312,0.17125497169653112,0,1,94340,0.08562748584826556,46443.52999999933,95163.09999999963,427931.39999999944,6764239762.780001,89048.6799999997,201106.6299999999,2
938218,0.37108473954163884,2528312,0.10986618740092204,0,1,103082,0.05493309370046102,38383.419999999925,94755.00999999978,602246.0999999996,7391090138.77,132042.9299999997,227074.47999999952,2
134482,0.05319042902932866,2528312,0.6226351811010666,0,1,83736,0.3113175905505333,140608.96999999974,136483.13999999966,240564.90000000037,6003881287.37,92541.45000000019,414986.25,4
365438,0.14453833229443203,2528312,0.5808424751375622,0,1,212270,0.2904214353291841,134650.97000000067,136757.65000000037,344495.10000000056,15220645702.9,116910.20000000019,422075.4400000004,4
956740,0.37841057590993515,2528312,0.840110318663203,0,1,803798,0.4200549615711985,200648.1200000001,180414.1200000001,610581.0,57631456117.93,230938.1900000004,649122.7000000002,3
831964,0.3290590718234142,2528312,0.8907986830739244,0,1,741141,0.4453991437765592,210103.3599999994,183057.61999999918,554431.7999999989,53139290224.27,220104.70999999903,659967.8099999996,3
1029597,0.4072270352709634,2528312,0.8962066390540407,0,1,922767,0.44810331952702037,214137.59999999963,188748.95999999996,643366.6500000004,66161620433.13,248641.20999999996,691345.6600000001,3
26705,0.010562383123601833,2528312,0.119787431298036,0,1,3199,0.059893715649018,27508.869999999646,80705.54999999981,125997.25,182044549.37,17351.139999999665,114345.25999999978,4
168310,0.06657010685390094,2528312,0.14649497372159764,0,1,24658,0.07324728910039584,35465.700000000186,85933.23000000045,255787.5,1768273659.95,37646.610000000335,142274.08999999985,2
297496,0.11766585769477818,2528312,0.776667990342964,0,1,231065,0.388334192931885,177118.1900000004,156961.54000000004,313921.2000000002,16568749878.66,132630.92000000086,521717.53000000026,4
1045783,0.41362893503649867,2528312,0.2858187597100358,0,1,298916,0.1429095776154209,78959.69999999925,116971.50999999978,650650.3499999996,21432163385.93,169784.38999999966,351669.02999999933,2
352046,0.13924151766079504,2528312,0.1967751606605514,0,1,69277,0.0983873825698727,49252.87000000011,94533.47999999952,338468.69999999925,4967209285.030001,66758.1099999994,185656.9899999993,2
520104,0.2057119532715899,2528312,0.28743011147358394,0,1,149499,0.143714857976389,71779.79999999981,107516.96999999974,414094.7999999998,10719323183.06,99902.72999999952,281948.0700000003,2
14610,0.005778558975316338,2528312,0.6744321903309402,0,1,9854,0.3372162929258731,150383.02000000002,139215.94999999972,87442.5,560601105.4499999,84345.12999999989,428659.0599999996,4
888457,0.3514032287154433,2528312,0.4809841506902629,0,1,427350,0.24049207534513145,120000.31000000052,136445.8700000001,579853.6500000004,30640698339.140003,174187.86000000034,438227.55000000075,2
1018431,0.40281064995143007,2528312,0.927192925556656,0,1,944319,0.463596265017925,220852.3599999994,192053.9299999997,638341.9499999993,67707824055.88,251172.7899999991,707326.9399999995,3
295052,0.11669920484497166,2528312,0.3137239391340942,0,1,92568,0.1568619695670471,74383.83000000007,106244.70000000019,312821.39999999944,6637231822.8,74238.20999999996,266624.2299999995,4
209887,0.08301467540398495,2528312,0.3489185670122991,0,1,73236,0.17445948126655256,80967.95999999996,108452.29999999981,274497.14999999944,5251173465.87,67929.27999999933,274754.1799999997,4
678216,0.2682485389461427,2528312,0.9385779919566889,0,1,636583,0.46928899597834445,218499.2899999991,184491.3099999996,485245.19999999925,45642352833.0,204872.61999999918,665132.4699999997,3
1033015,0.408578925385791,2528312,0.29061682260733646,0,1,300223,0.14530841130366823,79843.46999999974,117294.33000000007,644904.75,21525753736.4,168692.99000000022,352593.41000000015,2
686106,0.27136919810529714,2528312,0.3708699717439936,0,1,254466,0.1854351836323998,92670.04999999981,119952.16999999993,488795.7000000002,18245697872.49,132538.3200000003,349726.7599999998,2
508395,0.20108080015441132,2528312,0.5077059318628397,0,1,258125,0.25385316369182287,120477.83999999985,131698.88999999966,408825.75,18507422229.339996,126475.27000000048,400888.0,2
302037,0.11946191767471737,2528312,0.22335692746781252,0,1,67465,0.11167846373390626,54435.199999999255,96551.91999999993,315964.64999999944,4837325475.38,63780.979999999516,218911.75999999978,2
346362,0.13699337739962472,2528312,0.3759480633719256,0,1,130219,0.1879740316859628,88923.68999999948,113990.13999999966,335910.89999999944,9337098952.58,88608.98999999929,307071.96999999974,4
1046690,0.4139876724075193,2528312,0.27414140343438625,0,1,286952,0.13707089947759613,76382.95000000019,115632.22000000067,651058.5,20574147430.15,168354.1200000001,345341.54000000004,2
576445,0.22799599100111062,2528312,0.15453353858226357,0,1,89084,0.0772665715307288,43104.6799999997,93740.04999999981,439448.25,6387374073.09,90233.12000000011,197605.22999999952,2
56315,0.022273754188565337,2528312,0.7309244270485604,0,1,41164,0.36546201576387727,163511.68999999994,146194.9500000002,187797.75,2341651071.96,95218.62999999989,463828.0800000001,4
1170600,0.46299665547606467,2528312,0.730882501843127,0,1,855604,0.3654414486819665,179485.51999999955,172963.44999999925,706818.0,61345676087.18,246482.7999999998,617996.5299999993,3
38213,0.015114036558779138,2528312,0.7597954682808135,0,1,29035,0.37989773414040673,169655.1000000001,148821.59000000032,153111.8500000001,1651728610.04,97006.55000000028,478063.68999999994,4
558451,0.22087898961836988,2528312,0.9381955233373096,0,1,523957,0.4690979594290578,216697.9500000002,181322.1400000006,431350.9500000002,37568952357.69001,188265.97000000067,648052.4800000004,3
142909,0.05652348286129243,2528312,0.40812565854214194,0,1,58327,0.20406263151066797,93143.91000000015,113525.22000000067,244357.05000000075,4182697310.31,67009.29000000004,298462.86000000034,4
84030,0.03323561332620341,2528312,0.6276950787719238,0,1,52747,0.3138473416255589,141008.6299999999,135866.90000000037,217861.5,3000585000.45,85256.65000000037,409536.5,4
511480,0.20230098184084874,2528312,0.7087843588924152,0,1,362543,0.3543921794462076,165127.2100000009,154678.86000000127,410214.00000000093,25993963236.280003,152539.98000000045,512897.6300000008,4
960971,0.38008402444002165,2528312,0.20443125690183805,0,1,196460,0.10221562845091903,59690.96999999974,106034.74000000022,612484.9500000002,14086122634.9,147564.04000000004,268997.5600000005,2
254969,0.10084554437901651,2528312,0.4534187236385383,0,1,115612,0.22670936181926915,104796.33999999985,120615.72999999952,294784.0499999998,8289339849.150001,86645.33999999985,337452.01999999955,4
617860,0.24437648518062643,2528312,0.5172700204721569,0,1,319613,0.25863501023607843,124169.31000000052,135018.53000000026,458085.0,22916791487.079998,142298.78000000026,421043.2000000002,2
845462,0.33439781166248467,2528312,0.9849959182252823,0,1,832809,0.49249776135223816,231197.74999999907,194154.77999999933,560505.8999999994,59711562030.47,234332.15999999922,715236.5399999991,3
47189,0.018664231313224002,2528312,0.47216601432101735,0,1,22282,0.23608320492091167,105977.33000000007,118451.74000000022,171319.05000000028,1267569212.5,62507.720000000205,320601.8200000003,4
326940,0.12931157230594958,2528312,0.9538087071532311,0,1,311850,0.47690435357661554,216838.36000000034,176980.9500000002,327171.0,22360093215.180004,158785.60000000056,624801.4000000004,4
717249,0.2836869025658226,2528312,0.8293600631567623,0,1,594881,0.4146798338179782,194828.52999999933,173185.74999999907,502810.0499999989,42652927575.49,196142.5399999991,609072.3599999994,3
256388,0.10140678840269714,2528312,0.8069949436620164,0,1,206912,0.4034976695914112,183258.43000000063,159236.91999999993,295422.60000000056,14836828762.349998,131045.48000000045,533134.6699999999,4
924454,0.3656407911681786,2528312,0.48010016168890546,0,1,443848,0.24005027860485573,120319.87000000011,137073.88999999966,596052.2999999998,31823635845.379997,178984.25999999978,442738.3499999996,2
576140,0.22787535715528778,2528312,0.8381228266131712,0,1,482895,0.4190614133065856,194747.5700000003,170631.28000000026,439311.0,34623305521.68,177861.74000000022,594230.5600000005,3
178563,0.07062538167757777,2528312,0.21330990795439803,0,1,38091,0.10665495397719901,50438.37999999989,93287.62000000011,260401.34999999963,2731510855.14,47194.84999999963,197908.75,4
796166,0.31490021801106827,2528312,0.3372598002145305,0,1,268525,0.16862990010726525,86792.21999999974,118243.26999999955,538322.6999999993,19253749847.039997,142893.43999999948,346320.6099999994,2
210822,0.08338448735757296,2528312,0.6621053888918773,0,1,139592,0.33105249668553566,150462.76999999955,142490.8099999996,274917.89999999944,10009792700.91,107071.93999999948,446619.0800000001,4
799826,0.31634782416094215,2528312,0.896958919627008,0,1,717439,0.448479459813504,211011.40000000037,182934.59000000078,539969.7000000011,51440573612.73,216418.20000000112,658874.3000000007,3
853023,0.33738834447647287,2528312,0.9225811529589703,0,1,787013,0.46129037871908213,217458.99000000022,187228.08000000007,563908.3500000006,56429700906.47,227222.0700000003,680952.4000000004,3
65665,0.025971873724445402,2528312,0.865333075981129,0,1,56824,0.4326665379905645,193464.74000000022,160712.14000000013,202981.25,3232506679.3199997,112696.75,539422.9500000002,4
83181,0.032899816161929385,2528312,0.008549973262793517,0,1,711,0.00427478887099377,1740.7800000002608,47648.62000000011,217479.4500000002,27018968.57,8526.810000000522,55944.419999999925,2
887809,0.3511469312331706,2528312,0.20334159708137287,0,1,180535,0.10167099630108942,58398.43000000063,104628.70000000019,579562.0500000007,12944701439.57,137628.75,258751.80000000075,2
996259,0.3940411626413196,2528312,0.15185507168419088,0,1,151293,0.07592733808169246,48533.890000000596,100573.79000000097,628364.5500000007,10847741567.95,145338.66000000015,251963.15000000037,2
1254629,0.4962318732814621,2528312,0.3812417138391148,0,1,478335,0.1906208569195574,103127.70000000019,132080.61000000034,744631.0499999998,34296649433.829998,211126.3900000006,433348.3200000003,2
45120,0.017845898765658667,2528312,0.9863209129253036,0,1,44505,0.4931606542230548,220012.18000000017,173031.91000000015,167312.00000000047,2531698798.87,125525.23000000045,604893.96,4
777255,0.3074205240492471,2528312,0.7726111334360632,0,1,600539,0.3863055667180316,183102.40000000037,168248.86000000034,529812.75,43059359491.100006,197068.99000000022,585602.3800000008,3
207746,0.08216786535838931,2528312,0.13050564961919256,0,1,27113,0.06525302256999928,32484.609999999404,84878.33999999985,273533.69999999925,1944276770.53,40457.15999999922,140853.21999999974,2
760535,0.3008074161733204,2528312,0.7880645268463702,0,1,599374,0.39403206566278215,186289.52999999933,169590.0,522288.75,42975780392.06,196767.8599999994,591933.5699999994,3
540055,0.2136029888716266,2528312,0.15524824467866308,0,1,83846,0.07762412233933154,42739.270000000484,93199.79000000004,423072.75,6011927312.669999,85603.35000000056,193174.86000000034,2
1018483,0.40283121703334085,2528312,0.9680268890864735,0,1,985957,0.48401344454323675,229914.15999999922,196785.07999999914,638365.3499999996,70692566172.54,256600.25999999978,730533.6199999992,3
353987,0.14000922354519538,2528312,0.342229123620819,0,1,121149,0.1711145618104095,81552.75,110454.38999999966,339342.14999999944,8687039375.67,85340.63999999966,289732.52999999933,2
984970,0.38957612826265114,2528312,0.8722550856065232,0,1,859178,0.43612734504285866,208185.0,184836.95999999996,623284.5,61603438066.7,239163.13999999966,671354.8899999997,3
1043241,0.41262352114770645,2528312,0.8189681495005363,0,1,854414,0.40948427251067115,197201.4500000002,180132.6099999994,649506.4500000002,61260869284.23,240308.4299999997,649549.8499999996,3
437746,0.17313765073297915,2528312,0.8091885020519619,0,1,354233,0.40459405326557796,186345.56999999937,163972.2399999993,377033.69999999925,25398210467.300003,155394.45999999996,558883.4399999995,4
699767,0.2767724078357418,2528312,0.47401744721379324,0,1,331715,0.23700872360689662,115748.53000000026,131835.75,494943.1500000004,23784482417.48,147717.66999999993,408339.53000000026,2
634598,0.2509967124310607,2528312,0.2820632896572891,0,1,179004,0.14103164482864455,72228.0,109015.75,465617.0999999996,12834834583.210001,114239.18999999948,294352.5999999996,2
934394,0.3695722679795848,2528312,0.10422368758286162,0,1,97390,0.05211184379143081,37076.18000000063,94043.42000000086,600525.3000000007,6982768696.879999,130786.98000000045,224285.9600000009,2
557419,0.22047081214660216,2528312,0.6202628473068197,0,1,345760,0.31013142365340984,146148.5599999996,145925.08999999985,430886.5499999998,24791903424.68,147405.54000000004,469893.78000000026,3
285330,0.11285395156926835,2528312,0.8270011770699186,0,1,235977,0.4135003907745563,188109.1299999999,162124.5499999998,308446.5,16919606619.6,137341.53000000026,548164.5199999996,4
180620,0.07143896797547138,2528312,0.13578901654542636,0,1,24527,0.0678943105123102,33270.4299999997,84991.72999999952,261326.99999999907,1758860559.63,37810.479999999516,139564.74999999907,2
397657,0.15728161714218813,2528312,0.14169058249140137,0,1,56346,0.07084529124570069,37690.98000000045,89290.33000000007,358993.6500000004,4040370658.34,65601.41999999993,169397.58000000007,2
260108,0.10287812580092963,2528312,0.1777205503118286,0,1,46228,0.08886007739551131,43712.860000000335,90870.01999999955,297096.5999999996,3314986227.79,52816.15000000037,166219.11000000034,2
147088,0.05817636430946813,2528312,0.5907763757004674,0,1,86899,0.2953883856106367,133723.93000000063,133175.08000000007,246237.60000000056,6230867283.96,90163.37999999989,399020.7000000002,4
442500,0.17501795664459133,2528312,0.315997392726847,0,1,139834,0.1579986963634235,77001.00999999978,109238.13999999966,379173.0,10026158376.68,93438.52999999933,287138.0999999996,2
530365,0.20977039226171454,2528312,0.8859223070570404,0,1,469880,0.4429611535285202,204694.45999999996,174786.89999999944,418712.25,33690690572.23,177722.75999999978,614711.5499999998,3
931327,0.36835920566765495,2528312,0.3103189005154427,0,1,289020,0.15515964801812435,82751.24000000022,117689.6400000006,599145.1500000004,20722347222.329998,157543.10000000056,349734.28000000026,2
700484,0.2770559962536269,2528312,0.7456184205113926,0,1,522314,0.3728092102556963,176014.16999999993,163329.6900000004,495265.7999999998,37450358218.68,182986.8700000001,559676.8799999999,3
449912,0.17794955685848898,2528312,0.15033587626843523,0,1,67641,0.07516793813421761,40357.70999999996,91124.45999999996,382508.4000000004,4850093025.48,73366.33000000007,179566.2999999998,2
1184347,0.4684338799958233,2528312,0.9396304728213923,0,1,1112892,0.4698154341710991,225993.56999999937,197826.31999999937,713004.1499999994,79793897750.0,276463.4399999995,738437.8199999994,3
974050,0.385257041061388,2528312,0.805538636054411,0,1,784665,0.4027691202668025,193230.01999999955,176858.72999999952,618370.5,56260809204.8,228804.49000000022,632056.46,3
17311,0.006846860672258804,2528312,0.8792791395998595,0,1,15222,0.43963956979992974,195865.70999999996,160961.1000000001,98941.94999999972,865956202.84,109712.77000000002,542487.4299999997,0
689733,0.2728037520685738,2528312,0.758407981293448,0,1,523119,0.379203990646724,178696.2899999991,164510.1799999997,490427.8499999996,37508103291.159996,183164.86999999918,565348.3799999999,3
41505,0.016416091052053702,2528312,0.49504531086353265,0,1,20548,0.24752245767136336,110973.68000000017,120764.16999999993,160049.25,1168916571.64,64787.08999999985,332560.5499999998,4
605501,0.23948824353956316,2528312,0.7274224858324447,0,1,440472,0.36371144067662536,170610.16999999993,158999.29000000004,452523.4500000002,31581540561.82,167653.06000000052,536267.29,3
868603,0.34355055863358636,2528312,0.6626800806229611,0,1,575628,0.33134004031148057,160023.95999999996,157908.24000000022,570919.3500000006,41272660094.33,195318.02000000048,536754.5800000001,3
717854,0.2839261926534383,2528312,0.6204475555232107,0,1,445408,0.31022358000120237,148492.6799999997,149623.58000000007,503082.2999999998,31936467053.91,169140.5700000003,492108.33999999985,2
235593,0.09318193324241629,2528312,0.16916068902888567,0,1,39855,0.08458054227484582,41462.41000000015,89521.83999999985,286064.8499999996,2857827763.4199996,48704.979999999516,159692.41000000015,2
749095,0.29628265815294946,2528312,0.6901438588275498,0,1,517003,0.34507212717417785,164402.6200000001,158228.41999999993,517140.75,37069802447.840004,182457.91000000015,535396.46,3
509687,0.20159181303573293,2528312,0.06402137078018852,0,1,32632,0.03201068539009426,22068.479999999516,76063.23999999929,409407.14999999944,2339825666.5000005,70039.56999999937,146250.93999999948,2
7209,0.002851309490284427,2528312,0.3239892861324077,0,1,2336,0.16199464306620384,72531.45999999996,101975.38999999966,50056.049999999814,132935056.64999999,40756.419999999925,236672.29000000004,4
738967,0.2922768234300197,2528312,0.7010946433826205,0,1,518106,0.35054732169131025,166685.15000000037,159224.88999999966,512583.1500000004,37147710829.90001,182489.75999999978,540105.8799999999,3
135637,0.05364725556023149,2528312,0.5016512993649518,0,1,68045,0.2508258474428789,113786.93999999948,123392.89999999944,241084.64999999944,4879122359.870001,77701.34999999963,348618.08999999985,4
4869,0.0019257908042994694,2528312,0.4123517983540006,0,1,2008,0.2061758991770003,92100.52000000002,111271.94000000041,35771.05000000028,114281948.07000001,51402.84000000032,284271.1700000004,0
758645,0.30005988185002486,2528312,0.731520081382361,0,1,554986,0.3657602384515835,173717.41999999993,163139.65000000037,521438.25,39793232606.619995,189150.25999999978,559914.4299999997,3
539454,0.21336528086723475,2528312,0.4332475580545439,0,1,233726,0.21662358126686895,104401.87999999989,124066.20000000019,422802.2999999998,16758041974.410002,121075.08999999985,364087.9400000004,2
884336,0.34977328747401426,2528312,0.5852612335819314,0,1,517588,0.29263081455136863,143074.63999999966,148304.35000000056,577999.2000000002,37110855336.2,187321.49000000022,495671.2400000002,2
188777,0.0746652311898215,2528312,0.4707057515053522,0,1,88862,0.23535307351307908,107683.44000000041,121152.35000000056,264997.6500000004,6372386037.82,80456.83000000007,338398.8100000005,4
896539,0.35459982786934524,2528312,0.33777516382471784,0,1,302840,0.16888738415195592,88347.71999999974,120193.1099999994,583490.5499999998,21713991691.410004,156467.22999999952,360251.28000000026,2
1087411,0.4300936751476875,2528312,0.4820773701979819,0,1,524237,0.24103868509899096,123099.330000001,140609.36000000034,669382.9500000002,37587611033.96,201610.24000000022,466612.3200000003,2
282463,0.1117199934185338,2528312,0.4243376608583118,0,1,119864,0.2121688304291559,98741.68999999948,118012.26999999955,307156.3499999996,8595176475.26,86508.37999999989,325125.8300000001,4
335673,0.13276565550454217,2528312,0.6423336993219191,0,1,215622,0.32116684966095954,147863.54000000004,143248.50999999978,331100.8499999996,15460152088.800001,120756.52000000048,452144.1900000004,4
913784,0.3614205841684096,2528312,0.7422616354310703,0,1,678293,0.37113061995513213,178326.9299999997,168101.88999999966,591250.7999999998,48634192975.5,212035.34999999963,587816.7700000005,3
940662,0.37205139239144536,2528312,0.5515280550818096,0,1,518822,0.27576422530130773,136400.43999999948,145623.8099999996,603345.8999999994,37199248760.38,190621.65999999922,484736.0999999996,2
362815,0.1435008812203557,2528312,0.2544630567746386,0,1,92327,0.1272315283873193,62209.87000000011,101027.51999999955,343314.75,6619830598.2,75404.12999999989,243450.00999999978,2
68614,0.027138264581270034,2528312,0.6589072076547515,0,1,45212,0.3294538015877787,147714.34000000032,138832.91000000015,207464.30000000028,2571943829.7799997,87568.02000000002,425219.89000000013,4
619951,0.24520351918592326,2528312,0.8690695610351887,0,1,538801,0.43453497827799736,202241.6400000006,175193.43000000063,459025.9500000002,38632391924.07001,187849.58999999985,617746.5899999999,3
1258034,0.497578621625812,2528312,0.612793436885954,0,1,770945,0.306396520682574,154543.1400000006,161101.9500000002,746163.2999999998,55276786328.079994,242869.16999999993,563917.46,2
955715,0.37800516708380927,2528312,0.13708039197693955,0,1,131015,0.06854019598846978,44668.830000000075,98180.03000000026,610119.75,9393668005.45,137961.20999999996,240479.9500000002,2
939198,0.3714723499314958,2528312,0.6163681539303694,0,1,578914,0.3081842747255877,150761.84999999963,154228.43999999948,602687.0999999996,41508752533.0,198971.33999999985,520749.0999999996,2
736524,0.2913105661010192,2528312,0.6414410088628302,0,1,472455,0.3207207021918181,153416.1799999997,152424.8799999999,511483.7999999998,33875100892.21,174407.97999999952,506415.4199999999,3
1216533,0.4811641126569822,2528312,0.24832932011555536,0,1,302113,0.12416466005777768,73093.48999999929,115684.97999999952,727487.8499999996,21661634450.44,187979.91999999993,354169.51999999955,2
871695,0.3447735089656656,2528312,0.7014142241938495,0,1,611443,0.35070711209692473,168660.75999999978,162412.0,572310.75,43840370690.4,200825.33999999985,558911.8799999999,3
820,0.0003243270609007116,2528312,0.765049566667405,0,1,627,0.3825247833337025,170287.74000000022,148468.59000000032,6753.0,35755131.27,94312.81000000006,477637.9700000002,0
418200,0.16540680105936292,2528312,0.9452061296232427,0,1,395301,0.47260306481162134,216240.58999999985,178431.88999999966,368238.0,28343999214.68,169998.5499999998,632490.7299999995,4
1118983,0.4425810580339768,2528312,0.24134600476523468,0,1,270073,0.12067300238261734,70143.6799999997,113116.05999999959,683590.3499999996,19364144883.11,173780.3799999999,337053.88999999966,2
1143874,0.45242596641553734,2528312,0.40594989858846536,0,1,464374,0.20297494929423268,107016.70000000019,132838.54000000004,694791.2999999998,33295596728.65,199203.1200000001,431949.5099999998,2
2557,0.0010113467008818532,2528312,0.5886152500166119,0,1,1505,0.2943078227687089,131168.91000000015,129856.8500000001,19990.649999999907,85687613.19999999,72822.72999999998,380392.31000000006,0
1175229,0.4648275212869298,2528312,0.7664904489635773,0,1,900837,0.3832454222421916,187453.66999999993,177258.28000000026,708901.0499999998,64590482440.76,251918.02000000048,638800.5100000007,3
414628,0.16399400074041495,2528312,0.17643036144273333,0,1,73156,0.08821537848176965,45640.79000000097,93391.98000000045,366630.60000000056,5245467901.629999,72159.19000000041,185593.50000000093,2
492998,0.19499096630479149,2528312,0.9385408130009271,0,1,462717,0.46927040650046353,215834.27999999933,179651.3799999999,401897.0999999996,33176989905.11,179332.5499999998,639108.1200000001,4
590267,0.2334628795813175,2528312,0.9236047608048373,0,1,545195,0.4618021826420157,213915.75,180524.46999999974,445668.1500000004,39090670891.71001,190772.54000000004,644292.71,3
764289,0.30229220127895606,2528312,0.7195915693949164,0,1,549997,0.3597957846974582,171154.08999999985,161922.9899999993,523978.0499999998,39435424302.17,188377.6200000001,554014.54,3
669397,0.26476044095823614,2528312,0.02893748872765703,0,1,19371,0.014468942124231504,16572.41000000015,65822.45999999996,481276.6500000004,1389015017.71,86137.33999999985,144469.5700000003,2
490604,0.19404408949528382,2528312,0.736314189071602,0,1,361253,0.368157094535801,170937.78000000026,157225.6299999999,400819.7999999998,25902044197.519997,153244.0599999996,525396.3999999994,4
652879,0.2582272282851167,2528312,0.9308392318669532,0,1,607749,0.4654196159334766,216417.86000000034,182961.70999999996,473843.55000000075,43576050833.810005,200356.95999999996,657183.4700000007,3
248900,0.09844512860754527,2528312,0.641056958160227,0,1,159565,0.3205284790801135,146340.08999999985,141103.72999999952,292053.0,11441639577.68,109329.37000000011,439952.1099999994,4
1046790,0.41402722448811696,2528312,0.008544831492315821,0,1,8945,0.0042724157461579105,4269.730000000447,51343.03000000026,651103.5,339269879.46999997,132764.40000000037,180179.99000000022,2
75502,0.02986261189283601,2528312,0.8316125541467984,0,1,62791,0.4158062770733992,186125.47999999952,157373.29000000004,214023.89999999944,3571912440.57,109538.20000000019,521644.8799999999,4
905742,0.35823980584674675,2528312,0.585552732415936,0,1,530380,0.292776366207968,143444.90000000037,148795.75,587631.9000000004,38028917943.950005,190300.7000000002,498832.79000000004,2
598075,0.23655110603438184,2528312,0.8969735538968292,0,1,536478,0.4484865791880116,208120.91999999993,177754.6900000004,449181.75,38466264915.36,188428.53000000026,630390.8700000001,3
539488,0.21337872857463794,2528312,0.34228963830413334,0,1,184668,0.17114501691246967,84224.27000000048,113965.12000000011,422817.60000000056,13241323941.999998,109449.66000000015,314331.20999999996,2
1087709,0.43021154034786846,2528312,0.25001265666579126,0,1,271952,0.12500632833289563,71617.77000000048,113567.48000000045,669517.0500000007,19499033548.36,170698.8900000006,337589.17000000086,2
614792,0.2431630273478906,2528312,0.8569828407253535,0,1,526887,0.42849142036267673,199487.98000000045,173712.5100000007,456704.4000000004,37778597759.16,185585.73000000045,610230.6900000004,3
366866,0.14510313600536642,2528312,0.3862608728669563,0,1,141711,0.19313043643347816,91505.32999999914,115511.87999999989,345137.69999999925,10160956978.19,92548.26999999955,315383.3699999992,2
27056,0.010701210926499578,2528312,0.33121901094485173,0,1,8962,0.1656093077120229,74420.95000000019,103110.56999999983,126899.20000000019,509858172.12,43340.39000000013,242256.7200000002,4
675322,0.2671039017336468,2528312,0.5677523185429646,0,1,383430,0.2838763570318853,136192.3099999996,141879.6200000001,483942.89999999944,27491525008.43,156544.2399999993,456907.7999999998,2
85691,0.03389257338493034,2528312,0.9448912950616855,0,1,80972,0.4724456475308427,211400.91000000015,169696.09999999963,218608.9500000002,4606133659.31,124549.37999999989,585856.8799999999,4
174087,0.06885503055002705,2528312,0.6620167922313386,0,1,115253,0.3310081983552663,149916.63999999966,141624.9500000002,258387.14999999944,8265144031.940001,102392.06999999937,441811.9399999995,4
800249,0.3165151294618702,2528312,0.6781057875768497,0,1,542675,0.33905309154882785,162465.4699999988,158066.45999999903,540160.0499999989,38909111194.149994,187916.44999999925,535808.7399999993,3
246878,0.09764538553786084,2528312,0.388888317581058,0,1,96012,0.194444356550932,90364.30000000075,113475.97000000067,291143.10000000056,6884406254.299999,77555.11000000127,301191.9400000004,4
805752,0.3186916804571588,2528312,0.471734501121697,0,1,380116,0.2358672505608485,116761.88999999966,133719.0599999996,542636.3999999994,27254760642.8,161732.96999999974,421659.7599999998,2
745406,0.29482358189970226,2528312,0.7662195172114834,0,1,571167,0.3831097586057417,181224.86000000034,166745.90000000037,515480.7000000002,40952644564.28,191836.11000000034,577529.7999999998,3
1146471,0.4534531339486582,2528312,0.537093918788504,0,1,615786,0.268546761633849,136149.83999999985,148251.06000000052,695959.9500000002,44151596519.71,217129.41000000015,505614.5999999996,2
522791,0.2067747176772487,2528312,0.7115209673489664,0,1,371991,0.3557606814348862,165898.09999999963,155252.3799999999,415303.9500000002,26672682190.0,154416.53000000026,515976.7000000002,4
1183270,0.46800790408778664,2528312,0.5602564082280984,0,1,662960,0.2801284018744522,141814.13999999966,151740.81999999937,712519.5,47534454493.2,225348.47999999952,523787.2299999995,2
1019882,0.4033845506409019,2528312,0.5635064026908071,0,1,574732,0.28175320134540355,140192.31000000052,148672.5499999998,638994.9000000004,41207719513.25,203122.73000000045,502532.1699999999,2
316891,0.12533698372669197,2528312,0.8907488474523714,0,1,282281,0.4453746214865887,202705.51999999955,169852.08000000007,322648.9500000002,20239711365.09,149519.26999999955,588070.3700000001,4
132039,0.05222417170032812,2528312,0.030212647806125193,0,1,3989,0.015106521663465586,9148.389999999665,57812.24000000022,239465.5499999998,286125462.88,18891.319999999367,77860.54999999981,2
960146,0.37975771977509104,2528312,0.8190235224133731,0,1,786413,0.40951195896708953,196019.50999999978,178068.8700000001,612113.6999999993,56385012598.11,228631.91999999993,637691.1999999993,3
512085,0.20254027192846452,2528312,0.5769058565556783,0,1,295436,0.28845292827783914,135883.86999999918,139442.82999999914,410486.25,21183150604.5,135797.02999999933,439653.6099999994,4
379059,0.1499257211926376,2528312,0.7298948863906037,0,1,276684,0.36494744319530187,167915.9500000002,153839.330000001,350624.55000000075,19839660157.239998,137519.7600000007,506633.05000000075,4
600444,0.23748809482374011,2528312,0.9841411977635671,0,1,590945,0.49207059888178356,227492.8700000001,187550.05000000075,450247.80000000075,42371863458.08,199956.34000000078,679874.3100000005,3
311310,0.12312958210853724,2528312,0.981723379076633,0,1,305632,0.49086188729871943,222807.83000000007,179606.83000000007,320137.5,21915729047.5,160205.90000000037,638343.9500000002,4
827879,0.32744336933100027,2528312,0.562163609554517,0,1,465421,0.28108160701685553,137141.6400000006,144468.99000000022,552593.5500000007,33370317237.569996,176559.93000000063,474922.6400000006,2
609676,0.24113954290451495,2528312,0.38010380048032044,0,1,231749,0.19005170247975725,93621.54000000097,119518.2100000009,454402.2000000011,16616793344.83,123563.10000000056,344426.80000000075,2
545100,0.21559839133777794,2528312,0.7934970051164572,0,1,432552,0.3967485025582286,184402.33000000007,164892.2999999998,425343.0,31013526874.68,167912.94999999925,564887.3099999996,3
562259,0.2223851328475283,2528312,0.1602701723521464,0,1,90117,0.08013488841567022,44170.78000000026,94136.48000000045,433064.55000000075,6461515280.839999,89123.88000000082,198100.1200000001,2
346804,0.13716819759586632,2528312,0.3426115922401982,0,1,118824,0.1713055983596961,81532.84999999963,110360.29000000004,336109.7999999998,8520368503.25,84466.45000000019,289000.26999999955,2
375178,0.1483907049446429,2528312,0.5461117931647677,0,1,204897,0.27305569882198083,127086.9600000009,133164.82000000123,348878.10000000056,14691843163.1,113802.330000001,404195.8900000006,4
897170,0.3548494014979164,2528312,0.017382743901860214,0,1,15596,0.008691174190527118,17143.669999999925,65164.26999999955,583774.5,1118262061.3999999,114296.19999999925,167014.51999999955,2
484573,0.19165870351443967,2528312,0.9384787162343888,0,1,454779,0.46923955587759736,215699.46999999974,179425.91999999993,398105.8499999996,32608741722.5,178173.53000000026,637904.6299999999,4
32870,0.013000768892446819,2528312,0.18019018222434574,0,1,5923,0.09009489335176987,40998.34000000032,87210.87999999989,141119.5,337000630.75,25311.850000000093,138744.29000000004,4
57311,0.022667692911317906,2528312,0.04533775894747167,0,1,2598,0.022668879473735835,11432.389999999665,62066.2099999995,189489.94999999972,147879545.99,10945.649999999441,77288.11999999965,4
29756,0.011769117102636067,2528312,0.7854754476504482,0,1,23374,0.3927379215856271,175233.20999999996,151338.28000000026,133670.2000000002,1329665287.88,99357.3500000001,491501.51000000024,4
298259,0.11796764006973823,2528312,0.051712763298200536,0,1,15424,0.025856381649100268,16304.560000000522,68207.30000000075,314264.55000000075,1106020729.3999999,41770.700000000186,111654.4600000009,2
426769,0.16879601884577536,2528312,0.1442294305449644,0,1,61555,0.0721145175120792,38671.62000000011,90059.8200000003,372094.0499999998,4413614810.7300005,69631.18999999948,174131.34999999963,2
1216263,0.4810573220393686,2528312,0.6196632377649594,0,1,753703,0.3098316188824797,155466.6299999999,160955.79000000004,727366.3499999996,54040171143.13,237943.6099999994,561822.6799999997,2
940040,0.371805378450128,2528312,0.16315628767335677,0,1,153379,0.08157814383667839,50230.97000000067,100918.99000000022,603066.0,10997528039.28,139312.83000000007,249097.5100000007,2
821052,0.3247431487885989,2528312,0.017029543822123218,0,1,13983,0.008514771911061609,15969.859999999404,63844.24000000022,549521.3999999994,1002599329.68,104240.13999999966,156788.7999999998,2
373248,0.1476273497891083,2528312,0.6966426611905493,0,1,260031,0.34832133059527465,160452.06999999937,150058.84999999963,348009.5999999996,18643880636.600002,132547.71999999974,487333.6099999994,4
214775,0.08494798110359797,2528312,0.0005988185002483871,0,1,129,0.00029940925012419354,680.9900000002235,45874.69000000041,276696.75,4922593.1,24604.700000000186,69639.25,2
150729,0.05961645556402849,2528312,0.39096124212518074,0,1,58931,0.19548062106259037,89446.86000000034,111838.12000000011,247876.0499999998,4226180868.3700004,65839.33000000007,290106.03000000026,4
707751,0.27993024595065796,2528312,0.262728650577935,0,1,185954,0.1313643252889675,68988.15000000037,108172.53000000026,498535.9500000002,13332682878.509998,121412.70999999996,293618.18000000063,2
1110108,0.4390708108809356,2528312,0.9094063549118938,0,1,1009578,0.4547033752163499,218222.33000000007,192358.78000000026,679596.5999999996,72386436442.69,261824.91999999993,710468.1500000004,3
1146510,0.45346855926009133,2528312,0.5689808061663276,0,1,652367,0.2844902053227608,143222.2000000002,151986.77000000048,695977.5,46774105087.05,221403.66999999993,523465.83999999985,2
803145,0.31766055771597806,2528312,0.07823361990134128,0,1,62835,0.03911700771107363,29428.860000000335,85998.20000000019,541463.25,4505275707.97,110019.34999999963,193588.84999999963,2
943245,0.3730730226332826,2528312,0.9696777929306193,0,1,914679,0.48483889646530964,229196.66000000015,194988.29000000004,604508.25,65581667285.83,246135.8799999999,720603.8200000003,3
1140969,0.45127697847417564,2528312,0.3962181091574141,0,1,452090,0.19810925233911006,104820.25,131643.25,693484.0499999998,32414898809.799995,197504.24000000022,426102.8200000003,2
763320,0.3019089416179649,2528312,0.9216243881293131,0,1,703522,0.46081219406465657,215958.07999999914,184792.41999999993,523541.99999999907,50442530239.28,214529.86999999918,667624.8099999996,3
790395,0.312617667439778,2528312,0.0890637706105892,0,1,70398,0.04453168754489161,31647.37000000011,89944.40000000037,535725.75,5047687026.86,109754.66999999993,199150.33000000007,2
286444,0.11329456174712614,2528312,0.8924222959824578,0,1,255639,0.4462111479912289,202640.30000000075,169254.31000000052,308947.80000000075,18330400421.02,145691.41000000015,584894.1300000008,4
896035,0.35440048538313307,2528312,0.4373910340179535,0,1,391933,0.21869531924857374,110440.62999999989,131604.39999999944,583263.75,28101958124.86,169493.3099999996,415144.8599999994,2
496658,0.1964385724546654,2528312,0.6245044124301115,0,1,310177,0.3122522062150557,146223.2000000002,145003.50999999978,403544.10000000056,22240728840.399998,139810.16000000015,463964.3700000001,4
642854,0.2542621322052025,2528312,0.9568257398612197,0,1,615123,0.47841286993060983,222041.0599999996,185612.59999999963,469332.2999999998,44104174096.24,202320.5700000003,670431.8799999999,3
888267,0.35132807976230784,2528312,0.9038492875879243,0,1,802891,0.45192444603355914,213807.25,185995.08000000007,579768.1500000004,57566871334.100006,229714.75999999978,675385.7699999996,3
876128,0.3465268526985594,2528312,0.4512026205626521,0,1,395327,0.22560111252092305,113215.09000000078,132788.1900000004,574305.6000000006,28344902317.68,168597.62000000104,420022.7100000009,2
1110882,0.43937694398476135,2528312,0.37562175870699505,0,1,417288,0.18781068159309453,99817.86000000034,128653.46999999974,679944.9000000004,29919854724.06,190623.9299999997,410459.6900000004,2
1213681,0.4800360873183373,2528312,0.4961409034960875,0,1,602180,0.24807064950844673,128025.59000000078,144826.77000000048,726204.4500000002,43176239275.05,220952.16999999993,492222.98000000045,2
770090,0.3045866174744256,2528312,0.6908538186742775,0,1,532040,0.34542690933713877,164862.48000000045,158804.2000000002,526588.5,38147896013.119995,185434.68000000063,538726.9300000006,3
892333,0.3529362673594082,2528312,0.5867274292096861,0,1,523577,0.29336371460484306,143513.63999999966,148642.56999999937,581597.8499999996,37540463616.619995,188612.6299999999,497606.63999999966,2
681068,0.2693765642847876,2528312,0.2566487047484646,0,1,174802,0.1283243523742323,67256.77999999933,107006.79999999981,486528.5999999996,12533347984.64,117094.71999999974,286759.3499999996,2
249337,0.09861797119975699,2528312,0.4814840889890172,0,1,120056,0.2407420444945086,110942.47999999952,123540.02999999933,292249.64999999944,8607989358.02,89437.52999999933,352096.39999999944,4
630771,0.24948305430658874,2528312,0.852888804862691,0,1,537998,0.4264442046709425,198809.9500000002,173656.1200000001,463894.9500000002,38573935606.19,187256.8799999999,610160.7199999997,3
314278,0.12430348786067542,2528312,0.9566975911200832,0,1,300681,0.4783487955600416,217297.84000000078,176963.25000000093,321473.10000000056,21559711206.539997,157455.99000000115,624699.0100000007,4
778601,0.3079528950540914,2528312,0.7887036884688282,0,1,614109,0.3943516464740111,186692.35000000056,170107.8900000006,530418.4500000002,44032576371.170006,199352.3799999999,594840.8500000006,3
816401,0.32290358152000226,2528312,0.5785381709219432,0,1,472337,0.2892688877005686,140607.29000000004,146090.61000000034,547428.4500000002,33866559487.98,177130.52000000048,482443.5499999998,2
117953,0.046652865627343464,2528312,0.8779996297925257,1,1,103567,0.43899961713585983,197025.02000000048,163393.3200000003,233126.85000000056,7427579608.37,122080.53000000026,554599.0700000003,4
152316,0.06024414708311316,2528312,0.6220818474935056,1,1,94757,0.3110407259863498,140743.88999999966,136835.02999999933,248590.19999999925,6794807633.38,94696.43999999948,416952.64999999944,4
122580,0.048482940396596626,2528312,0.02958100107898076,1,1,3626,0.01479050053949038,8872.730000000447,57437.46999999974,235209.0,260114224.37,17698.790000000037,76353.78000000026,2
448243,0.17728943263331423,2528312,0.3449416053082056,1,1,154624,0.1724708026541028,83505.54000000004,112534.33000000007,381757.3499999996,11086857646.35,97860.04999999981,303624.04000000004,2
735832,0.29103686570328346,2528312,0.8511928116466638,1,1,626359,0.4255962080629289,199938.3200000003,176117.4299999997,511172.4000000004,44910155695.17,201549.91999999993,623982.5,3
310745,0.12290611285316053,2528312,0.7120335623135119,1,1,221269,0.35601697891715894,162971.29000000004,150253.1299999999,319883.25,15865176672.51,126257.36000000034,487506.0499999998,4
604475,0.23908243919263128,2528312,0.6709136372409734,1,1,405566,0.3354570163808897,158060.02000000048,152661.2000000002,452061.75,29078838822.739998,160251.20999999996,504562.48000000045,3
949735,0.37563995266406996,2528312,0.7871018292046235,1,1,747567,0.39355111236271473,188786.2999999998,174131.50999999978,607428.75,53599837589.79,222957.91999999993,618179.7999999998,3
745049,0.29468238097196864,2528312,0.025394413347719743,1,1,18921,0.012697008913456884,16840.579999999143,65717.86999999918,515320.0499999989,1356681911.7,95492.49999999907,152083.81999999937,2
606746,0.23998066694300388,2528312,0.6506068080205291,1,1,394768,0.3253032062498616,153589.48000000045,150446.80000000075,453083.7000000002,28305780210.760002,157950.99000000022,493557.28000000026,3
924426,0.3656297165856113,2528312,0.18238453165590324,1,1,168608,0.09119206806754862,54273.8200000003,102860.42000000086,596039.7000000011,12089175696.539999,139761.95000000112,254950.48000000045,2
430836,0.1704046019636817,2528312,0.867182135749069,1,1,373628,0.43359126563493744,199110.31000000052,170180.47000000067,373924.2000000002,26789887222.98,161817.5700000003,590422.0499999998,4
919376,0.36363233651543003,2528312,0.7905361363629172,1,1,726828,0.3952680681814586,189114.62000000104,173780.86000000034,593767.2000000011,52112651776.03001,219167.25000000093,615802.6500000004,3
556210,0.2199926274921766,2528312,0.824858245343138,1,1,458812,0.412429320431972,191522.9500000002,168657.58000000007,430342.5,32898231990.35,173444.16999999993,584017.5300000003,3
1098388,0.43443530703489125,2528312,0.08260768449463515,1,1,90739,0.041303842247317576,34632.04000000004,92412.53000000026,674322.6000000006,6505920488.13,149800.05000000075,235646.61000000034,2
473999,0.1874764665120444,2528312,0.7166433573071678,1,1,339701,0.3583216786535839,166334.8599999994,154655.40999999922,393347.5499999989,24357364127.980003,148506.75999999885,512151.669999999,4
1232138,0.48733621483424516,2528312,0.5363839589417762,1,1,660925,0.2681919794708881,137218.96999999974,149953.27000000048,734510.1000000006,47388000131.63,228938.68000000063,517341.0800000001,2
477429,0.18883310287654373,2528312,0.5516368233034531,1,1,263378,0.27581841165172655,129780.69000000041,135915.6900000004,394891.05000000075,18884646120.659996,127969.58000000007,420971.8900000006,4
1038365,0.41069496169776515,2528312,0.8367816155601049,1,1,868918,0.4183906100196495,201080.3599999994,182078.24000000022,647312.25,62302014665.59,241987.91000000015,658929.2299999995,3
1009793,0.39939414122940525,2528312,0.8720363626008183,1,1,880610,0.43601818130040915,208491.61000000034,185442.49000000022,634454.8499999996,63139091581.89,242634.4400000004,674794.2599999998,3
1120134,0.44303630248165576,2528312,0.24084843959131627,1,1,269793,0.12042421979565814,70053.03000000026,113079.86000000034,684108.2999999998,19344255948.440002,173872.6900000004,336939.91000000015,2
1094021,0.432708067675192,2528312,0.34098837485247074,1,1,373063,0.17049398966583237,91893.38999999966,124289.44000000041,672357.4500000002,26748747852.530003,183696.49000000022,388839.6799999997,2
1043499,0.4127255655156484,2528312,0.6975420755033398,1,1,727913,0.3487710377516699,170267.57999999914,166041.3499999987,649622.5499999989,52191667243.59999,224204.83999999892,581058.6899999995,3
1161760,0.4595002515512326,2528312,0.7759698961204156,1,1,901526,0.3879849480602078,189361.02000000048,178041.41000000015,702840.0,64639747928.47,251285.53000000026,642228.96,3
20738,0.008202310474340193,2528312,0.13880090748293722,1,1,2879,0.06940045374146861,31642.78000000026,82618.88000000035,109796.10000000056,163814018.15,19172.41000000015,121289.52000000048,4
684008,0.27053939545435846,2528312,0.3786921867237904,1,1,259039,0.1893460933618952,94376.78000000026,120791.24000000022,487851.60000000056,18572882988.95,133270.04000000004,353727.5600000005,2
1128740,0.4464401545378893,2528312,0.859025310167416,1,1,969654,0.429512655083708,207312.73000000045,186946.45999999996,687981.0,69523468262.87,257736.0100000007,684545.3900000006,3
1039443,0.4111213331266078,2528312,0.9808235692430365,1,1,1019550,0.49041178462151824,233053.0599999996,198824.24000000022,647797.3499999996,73101580217.84,261282.16000000015,740849.5099999998,3
849793,0.3361108122731688,2528312,0.9653591012501621,1,1,820387,0.4826793528646781,226903.36000000034,192027.6200000001,562454.8499999996,58822458971.43,232373.00999999978,704720.1299999999,3
536661,0.21226059125614244,2528312,0.30667061660111566,1,1,164585,0.15333550606096083,76282.02000000048,109955.99000000022,421545.4500000002,11800924209.79,104523.44000000041,294581.4400000004,2
397637,0.1572737067260686,2528312,0.1774986631396758,1,1,70583,0.0887493315698379,45633.06999999937,93214.29000000004,358984.64999999944,5060787967.990001,70124.97999999952,183807.91999999993,2
1259509,0.4981620148146273,2528312,0.18200601824458373,1,1,229247,0.09100300912229187,58992.75000000093,108609.40000000037,746827.0500000007,16436766558.6,184879.03000000026,299963.55000000075,2
783309,0.3098150070086287,2528312,0.7028301886792453,1,1,550555,0.35141509433962265,167706.9500000002,160473.9400000004,532537.0500000007,39474559693.32,188811.03000000026,547281.5200000005,3
9360,0.0037020747439398304,2528312,0.3847994234888732,1,1,3602,0.19239951398403363,86054.23999999976,108445.95999999996,61996.0,204958771.88000003,48386.94999999972,269691.9199999999,4
1223908,0.48408107860105876,2528312,0.8496558177946393,1,1,1039941,0.42482810665772264,206598.15000000037,188251.06000000052,730806.6000000006,74563746264.94,270000.2400000002,692986.3300000001,3
1194776,0.472558766481352,2528312,0.2145411642234028,1,1,256339,0.10727077987210439,65286.16000000108,111317.81000000052,717697.2000000011,18379352208.33,180474.90000000037,332596.82000000123,2
101262,0.040051227854790074,2528312,0.8021620749337898,1,1,81232,0.4010810374668949,179959.31000000052,154875.75999999978,225615.90000000037,5825616250.88,110622.75999999978,510235.3100000005,4
108102,0.04275659016766918,2528312,0.8637616718189843,1,1,93378,0.43188103366989516,193727.16000000015,161622.2000000002,228693.89999999944,6696421817.06,119086.51999999955,545401.3499999996,4
312769,0.12370664696445692,2528312,0.4995700688839036,1,1,156256,0.2497848366815488,115863.33000000007,126793.48000000045,320794.0499999998,11203866747.36,99831.09999999963,370303.0099999998,4
826566,0.3269240505127532,2528312,0.29127378266606335,1,1,240766,0.14563708909343467,77025.27999999933,113576.34999999963,552002.6999999993,17263274837.8,140959.8099999996,325137.38999999966,2
1234802,0.4883898822613665,2528312,0.2847085328076598,1,1,351572,0.1423542664038299,81425.81999999937,120305.79999999981,735708.8999999994,25207877216.1,195376.20999999996,376795.41000000015,2
1139505,0.4506979360142261,2528312,0.9086600071510161,1,1,1035463,0.45433000357550807,218475.99000000022,193029.03000000026,692825.25,74241736454.41998,265906.75,714297.6800000006,3
852942,0.33735630729118876,2528312,0.5517614123573357,1,1,470639,0.27588050841826484,135191.85000000056,143808.41000000015,563871.9000000004,33744585827.13,178624.41999999993,472615.22000000067,2
24778,0.00980021453048516,2528312,0.9145631551802151,1,1,22662,0.45728137982970457,203800.7799999998,164889.94999999972,120946.09999999963,1289186720.8999999,114735.62999999989,562844.6799999997,4
538113,0.2128348874664203,2528312,0.22590526802071897,1,1,121567,0.11295283177076247,58387.830000000075,101014.75,422198.8499999996,8716826417.300001,94388.68999999948,251149.63999999966,2
395635,0.15648187407250372,2528312,0.48006891554523334,1,1,189939,0.24003445777261667,112726.3599999994,126352.75,358083.75,13619449243.479998,108128.04999999981,370550.7299999995,4
340923,0.13484213973591866,2528312,0.8387426077161363,1,1,285958,0.41937150161847114,191513.0499999998,164795.41000000015,333463.3499999996,20503679559.25,146174.5599999996,562222.8799999999,4
1038360,0.4106929840937353,2528312,0.8810210132293799,1,1,914852,0.44051050661468993,210896.85000000056,187213.6900000004,647310.0,65595576088.670006,247866.68000000063,683999.4800000004,3
323715,0.12803601770667544,2528312,0.2796387471166533,1,1,90527,0.13981937355832666,67233.37000000011,103064.54999999981,325719.75,6490866356.25,73595.80999999959,251924.64999999944,2
481379,0.19039541006015082,2528312,0.688844968500723,1,1,331608,0.3444226820107645,160274.53000000026,151758.83999999985,396668.5499999998,23776635839.3,145959.74000000022,497661.9500000002,4
1145567,0.4530955831400555,2528312,0.6615148763285544,1,1,757839,0.3307574381642772,163736.76999999955,164238.34999999963,695553.1499999994,54337179911.880005,233667.96999999974,575300.1899999995,2
383571,0.1517103110692035,2528312,0.9566718822676948,1,1,366966,0.4783357433734444,218286.7999999998,178781.75999999978,352654.9500000002,26312227706.81,166762.33999999985,634166.2000000002,4
1085650,0.4293971630083629,2528312,0.671172307848082,1,1,728686,0.335585956163638,165020.6799999997,163966.44999999925,668590.5,52247132634.8,226580.7399999993,572209.5699999994,3
940815,0.3721119070747598,2528312,0.6971441815725274,1,1,655909,0.3485720907862637,168703.89999999944,163561.31999999937,603414.75,47028524793.34999,209846.50999999978,566272.0499999998,3
1113147,0.4402727986102981,2528312,0.6788216802356671,1,1,755658,0.33941064235743057,167111.01999999955,165503.41000000015,680964.1500000004,54180741899.66,231445.63999999966,580425.6100000003,3
416523,0.16474351266774037,2528312,0.8217621084739541,1,1,342296,0.41088125199738007,188830.84999999963,164828.13999999966,367483.3499999996,24543105457.940002,154136.1799999997,563017.3300000001,4
900140,0.35602409829166654,2528312,0.3630374732232414,1,1,326797,0.1815187366116207,94000.86000000034,123158.5700000003,585111.0,23431627420.07,160271.34000000078,374721.1900000004,2
244483,0.09669811320754718,2528312,0.03746491730450989,1,1,9160,0.018732656412657932,12369.649999999441,62204.419999999925,290065.3499999996,656860453.0500001,33348.62999999989,95977.90999999922,2
332983,0.13170170453646543,2528312,0.14142558355139714,1,1,47094,0.07071279177569857,36706.14999999944,88168.89999999944,329890.3499999996,3376976524.09,57387.25999999978,161045.65999999922,2
351015,0.1388337357098333,2528312,0.4153771369989147,1,1,145809,0.20768876625986032,97734.21999999974,118383.6099999994,338004.75,10454662239.54,94171.97999999952,329191.4799999995,4
374315,0.1480493704890852,2528312,0.026102791111223614,1,1,9771,0.013051395555611807,11689.519999999553,60145.609999999404,348489.75,700680973.1800001,48023.41000000015,104958.1799999997,2
378041,0.14952308101215356,2528312,0.8513609079892038,1,1,321862,0.4256804539946019,194845.84999999963,167108.8200000003,350166.4500000002,23079064116.05,152721.3200000003,574328.8399999999,4
1213187,0.4798407000401849,2528312,0.8595944646072162,1,1,1042889,0.4297974300640111,208650.5,189151.04000000004,725982.1499999994,74774763799.82999,269813.76999999955,697080.6099999994,3
532575,0.21064449324292256,2528312,0.19192132932960806,1,1,102216,0.09596046690440103,50768.270000000484,97142.45999999996,419706.75,7329048473.62,89323.29999999981,207206.9500000002,2
1178894,0.4662771050408336,2528312,0.33787443954701796,1,1,398334,0.16893721977350898,92419.42000000086,125526.02000000048,710550.3000000007,28560354257.719997,194879.7000000002,398708.1500000004,2
438880,0.17358617132695647,2528312,0.5797753600030376,1,1,254462,0.2898874822411158,135465.95999999996,138203.25,377544.0,18245239759.27,126437.04999999981,431336.4199999999,4
181659,0.07184991409288094,2528312,0.5838634630536105,1,1,106068,0.29193153376640224,132684.28000000026,133171.9400000004,261794.55000000075,7605873897.99,93632.72000000067,399628.9500000002,4
482285,0.1907537519103655,2528312,0.5766764544882119,1,1,278133,0.28833822724410596,135400.26999999955,138782.7999999998,397076.25,19941973569.25,131796.40999999922,435480.58999999985,4
933125,0.36907035207680067,2528312,0.37437507712655715,1,1,349352,0.1871873408028756,96991.86000000034,125092.12000000011,599954.25,25048557224.24,166233.5,385506.3200000003,2
1118958,0.4425711700138274,2528312,0.9068477308180319,1,1,1014764,0.45342386540901597,217781.83999999985,192288.03000000026,683579.0999999996,72758554355.77,262742.73000000045,710293.6399999997,3
854906,0.33813311015412656,2528312,0.047059065495081306,1,1,40233,0.023529532747540653,23256.41000000015,75397.15000000037,564755.7000000002,2884769947.92,112759.68999999948,180261.95999999996,2
627532,0.24820196241603093,2528312,0.9631418116118581,1,1,604426,0.481571103566332,223222.0499999998,185916.6299999999,462437.4000000004,43336651063.16,201008.1900000004,671834.29,3
1222161,0.48339010375301783,2528312,0.5860870810248102,1,1,716321,0.2930437382728081,148103.9500000002,155606.62000000104,730020.4500000002,51360539903.41,234247.29000000097,543798.4500000002,2
988062,0.3907990785947304,2528312,0.6325485145820611,1,1,625021,0.31627425729103054,155051.1900000004,157215.2000000002,624675.9000000004,44814108524.66,207868.77000000048,536691.0200000005,2
639002,0.25273858606058114,2528312,0.0288959590430295,1,1,18465,0.01444797952151475,16130.479999999516,65329.59999999963,467598.89999999944,1324054357.27,82194.91999999993,140506.20999999996,2
672701,0.26606724170118246,2528312,0.02564082280984309,1,1,17249,0.012820411404921545,15862.94000000041,64669.94000000041,482763.4500000002,1236830766.29,86113.95000000019,142821.95999999996,2
13430,0.005311844424264094,2528312,0.17159788823531272,1,1,2305,0.08579874635725337,38815.76000000024,85966.25,82107.5,131166995.65000002,22583.010000000242,133649.4700000002,4
276052,0.1091843095314186,2528312,0.9506192273738368,1,1,262431,0.4753096136869184,215402.29000000004,175297.51999999955,304271.39999999944,18817175807.69,151608.21999999974,616098.4100000001,4
115617,0.04572892902458241,2528312,0.2611279778761482,1,1,30192,0.1305637911776711,60143.59999999963,97287.8200000003,232075.65000000037,2165156723.98,45513.79000000004,215687.66999999993,4
645242,0.25520663588987436,2528312,0.5615042763709542,1,1,362320,0.2807521381854771,134375.30000000075,140542.2600000007,470406.9000000004,25978301027.07,151678.05000000075,449298.70999999996,2
1091872,0.4318580934631485,2528312,0.3121849676780397,1,1,340879,0.1560922860786169,85471.94999999925,120891.23999999929,671390.3999999994,24440850464.07,179557.7999999998,372540.33999999985,2
165561,0.0654828201582716,2528312,0.9700135900948933,1,1,160603,0.4850065972870437,218122.66000000108,174483.72000000067,254550.4500000002,11517291315.95,139553.09000000078,612223.3500000006,4
248083,0.09812198810906249,2528312,0.7538923202516146,1,1,187035,0.3769463578862102,171358.06999999937,153288.3799999999,291685.3499999996,13410954809.91,123322.66999999993,502457.1699999999,4
945591,0.37400091444410344,2528312,0.11549088878271353,1,1,109211,0.057745246630953775,39738.64999999944,95525.71999999974,605563.9500000002,7830477022.38,133766.01999999955,230337.06999999937,2
381095,0.15073100155360572,2528312,0.4478363429829863,1,1,170675,0.22391817149149315,105367.75999999978,122526.91000000015,351540.75,12237225267.85,102161.51999999955,350924.7999999998,4
225274,0.08910055404554501,2528312,0.10121654289502245,1,1,22802,0.05060846920791421,26237.05999999959,82009.30999999959,281421.2999999998,1634968121.09,38951.37999999989,131553.8099999996,2
457440,0.1809270374858799,2528312,0.9012471562054051,1,1,412282,0.45062357810270254,207053.3200000003,174612.6200000001,385896.0,29561690679.870003,169746.4500000002,613210.46,4
909529,0.35973764313897966,2528312,0.2841041770161278,1,1,258411,0.1420520885080639,76628.22000000067,114279.3200000003,589336.0500000007,18528275667.739998,151157.95999999996,332324.5200000005,2
267248,0.10570214435560168,2528312,0.05101308699242815,1,1,13634,0.025506345735811085,15701.169999999925,67458.09999999963,300309.5999999996,977590362.3499999,37840.950000000186,107368.81999999937,2
394957,0.15621371096605166,2528312,0.36376997775590986,1,1,143679,0.18188498887795493,86919.22000000067,113590.10000000056,357778.6500000004,10302379612.130001,93337.18000000063,306827.18000000063,2
667940,0.26418416714392845,2528312,0.45774255708947315,1,1,305756,0.22887127854473657,111678.76000000071,129362.45999999996,480621.0,21922688933.670002,141335.5700000003,394999.7400000002,2
373759,0.14782946092096227,2528312,0.4516997902157645,1,1,168833,0.22584989510788225,106122.02000000048,122805.08000000007,348239.55000000075,12105181961.029999,101697.31000000052,352078.23000000045,4
1182424,0.4676732934859305,2528312,0.10312849047111275,1,1,121946,0.051564047475153384,40391.330000000075,98010.47999999952,712138.7999999998,8743617599.57,163832.2000000002,257031.96999999974,2
1120469,0.44316880195165786,2528312,0.09075066684807888,1,1,101687,0.04537533342403944,36759.54000000004,95542.37999999989,684259.0499999998,7291052693.9,153850.9500000002,243700.25,2
46775,0.018500485699549738,2528312,0.3642014909552302,1,1,17036,0.1821009432380181,82020.91000000015,106983.63000000035,170524.75,969167368.49,49194.42000000039,261877.6700000004,4
147070,0.058169244934960555,2528312,0.45488650134951697,1,1,66903,0.22744344843516148,103575.22999999952,118616.40999999922,246229.49999999907,4797197769.1,73312.72999999952,324474.4899999993,4
63004,0.024919392859741995,2528312,0.4037065045769668,1,1,25436,0.2018532522884834,91016.5700000003,111493.0,198811.80000000028,1446995412.2800002,55592.02000000002,284830.14000000013,4
1223320,0.48384851236714455,2528312,0.4464986916171738,1,1,546232,0.2232493458085869,117153.31999999937,139170.54000000004,730542.0,39164220916.07,215602.29000000004,465674.1699999999,2
804015,0.31800466081717765,2528312,0.4018230344989068,1,1,323084,0.2009115172494534,101227.12000000011,125732.75,541854.75,23165724793.25,152373.41000000015,382829.2000000002,2
1087006,0.429933489221267,2528312,0.551535569977123,1,1,599546,0.2757677849885615,138501.16999999993,148696.08000000007,669200.7000000002,42987769295.909996,210817.5599999996,505299.66000000015,2
82728,0.03272064523682204,2528312,0.4480633719256168,1,1,37069,0.2240316859628084,101139.72999999998,116601.14000000013,217275.6000000001,2108719937.1100001,62975.720000000205,310886.54000000004,4
700714,0.2771469660390015,2528312,0.7422517474109208,1,1,520126,0.3711258737054604,175265.87999999896,162954.5599999996,495369.2999999989,37292848036.4,182577.84999999963,557818.1799999997,3
659247,0.2607459047775749,2528312,0.5859929470729879,1,1,386329,0.29299627577609094,140005.1799999997,143586.8099999996,476709.1500000004,27699631142.66,156724.6900000004,464826.0099999998,2
736109,0.2911464249665389,2528312,0.3612101670996301,1,1,265900,0.18060508354981505,91243.93000000063,119818.73000000045,511297.05000000075,19065517923.109997,137965.8700000001,351237.8800000008,2
113418,0.04485917877224013,2528312,0.5553116071117805,1,1,62985,0.27765560579548726,125373.39999999944,128668.8599999994,231086.09999999963,4516603637.400001,81618.27999999933,375275.14999999944,4
1175068,0.46476384243716756,2528312,0.4307628963513997,1,1,506195,0.21538164593610282,112970.25,136361.90999999922,708828.5999999996,36294439111.079994,206825.14999999944,450164.64999999944,2
492968,0.1949791006806122,2528312,0.5526600356285142,1,1,272454,0.2763298200538541,130228.94999999925,136355.0499999998,401883.5999999996,19535361732.65,130159.73999999929,423638.9299999997,4
1043501,0.41272635655726037,2528312,0.15508568562740674,1,1,161838,0.07754264505330039,49926.5,101750.49000000022,649623.4500000002,11603917215.779999,152100.23000000045,259624.70999999996,2
173987,0.06881547846942941,2528312,0.09186959520818633,1,1,15985,0.045934995364496155,23430.739999999292,80161.41999999993,258342.14999999944,1146274024.37,31549.429999999702,121552.72999999952,2
596002,0.23573119140359258,2528312,0.5032848002936346,1,1,299970,0.2516422023864143,120754.06999999937,133006.14999999944,448248.89999999944,21508523690.399998,137575.52999999933,410330.9500000002,2
1243369,0.491778309006167,2528312,0.8006242900401532,1,1,995510,0.4003121450200766,195999.91000000015,182950.46999999974,739564.0499999998,71377975830.95,266155.8700000001,667958.4800000004,3
1033676,0.40884036463854145,2528312,0.8496131015475938,1,1,878259,0.4248067485341999,203861.56000000052,183449.73000000045,645202.2000000011,62970598665.68,243030.65000000037,665525.6300000008,3
1253574,0.4958145988311569,2528312,0.0497007489581982,1,1,62306,0.024850572239502086,29561.919999999925,82732.26999999955,744156.2999999998,4467402975.42,166214.72999999952,235066.33000000007,2
587702,0.23244836871398783,2528312,0.068704732643756,1,1,40379,0.03435256408228098,24224.859999999404,79025.37999999989,444513.89999999944,2895284091.2200003,80679.1099999994,159308.68999999948,2
432258,0.17096703254978024,2528312,0.41037340328250627,1,1,177394,0.20518670164125313,97790.62999999989,119427.98000000045,374564.0999999996,12719208389.46,104079.8200000003,337200.5700000003,2
615793,0.24355894367467307,2528312,0.2518795148700002,1,1,155112,0.1259397574350001,65263.330000000075,105296.38999999966,457154.8499999996,11121875067.019999,107879.08000000007,275494.96999999974,2
331100,0.13095693885881174,2528312,0.9549750980100558,1,1,316205,0.4774877467654309,217159.58000000007,177218.16000000015,329043.0,22673793453.92,159493.5,626024.5199999996,4
428837,0.16961395587253472,2528312,0.8628634440686118,1,1,370042,0.4314317220343059,198126.08999999985,169654.1299999999,373024.64999999944,26532168638.309998,161002.45999999996,587724.5800000001,4
566810,0.22418514803552725,2528312,0.6471728963830413,1,1,366838,0.32358664595192366,152255.66000000015,149137.29000000004,435112.5,26303225891.949997,152118.45999999996,486153.7999999998,3
101491,0.04014180211935869,2528312,0.35539522021016395,1,1,36071,0.17769761010508198,80852.79999999981,107088.84999999963,225718.9500000002,2586584845.89,55475.02999999933,264731.4900000002,4
607986,0.2404711127424147,2528312,0.8868106467872636,1,1,539189,0.4434053233936318,206005.46999999974,176872.16999999993,453641.7000000002,38660468246.60999,188484.73000000045,626054.1100000003,3
185618,0.07341578096374182,2528312,0.2847488759298694,1,1,52857,0.1423744379649347,66385.76999999955,101091.48999999929,263576.0999999996,3790088804.77,56939.24999999907,237034.0599999996,4
1182211,0.46758904755425756,2528312,0.1923678723195555,1,1,227428,0.09618393615977774,60187.38000000082,108492.8200000003,712042.9500000002,16306805290.150002,175791.79000000097,293803.66000000015,2
1020461,0.4036135571875623,2528312,0.938239030625967,1,1,957473,0.4691193175525805,223334.02000000048,193386.72000000067,639255.4500000002,68651274385.04,252928.77000000048,713893.1100000003,3
963907,0.38124527352636856,2528312,0.500134872594838,1,1,482102,0.250067238537016,125328.33000000007,140183.56000000052,613806.1500000004,34566225338.64,187024.9500000002,459364.3800000008,2
1142423,0.45185206572606545,2528312,0.13611690329358087,1,1,155509,0.06805845164679043,47136.99000000022,101212.6799999997,694138.3499999996,11149869685.0,162869.5700000003,265121.46999999974,2
1170119,0.46280640996838995,2528312,0.09788072041741684,1,1,114537,0.04894016244830543,39052.70999999996,97192.41000000015,706601.5499999998,8212360736.45,161473.49000000022,253249.5499999998,2
233747,0.09245180183458371,2528312,0.7560115207300365,1,1,176722,0.37800556260461526,171621.8799999999,153168.5499999998,285234.1500000004,12671541014.86,121728.83000000007,501738.0099999998,4
78634,0.03110138305715434,2528312,0.20216808685004065,1,1,15898,0.10108404342502032,46529.48999999976,90340.82999999961,215433.2999999998,904416002.5000001,32259.849999999627,151774.6799999997,4
521391,0.20622098854888163,2528312,0.5502331199630426,1,1,286898,0.2751163622211183,130098.81999999937,136683.38999999966,414673.9500000002,20571570907.170002,133631.7999999998,426148.27999999933,2
358881,0.14194490236964424,2528312,0.8619691715262989,1,1,309356,0.43098478352355246,196920.7399999993,167783.22999999952,341544.44999999925,22180865283.32,151492.2899999991,577655.96,4
478749,0.18935519034043266,2528312,0.4486341084486408,1,1,214791,0.2243172519847234,106947.49999999907,124565.47999999952,395485.0499999989,15401241584.85,115033.9299999997,364381.57999999914,2
449130,0.1776402595882154,2528312,0.6849170513765707,1,1,307629,0.34245852568828533,158938.48000000045,150565.67000000086,382156.50000000093,22057255550.08,141144.67000000086,491084.80000000075,4
721937,0.2855411041042403,2528312,0.8289922288072041,1,1,598503,0.41449631216400507,194815.97999999952,173261.77999999933,504919.64999999944,42913777814.76,196746.52999999933,609524.6099999994,3
615007,0.24324806432117554,2528312,0.14958082704982614,1,1,91997,0.07479061128531606,42556.919999999925,93841.26000000071,456801.1500000004,6596265970.559999,94615.34000000078,200605.40000000037,2
1021120,0.4038742053987008,2528312,0.040125981287119625,1,1,40975,0.020063188403962803,24101.790000000037,75491.84999999963,639552.0,2937991203.67,133840.75,197819.9299999997,2
700553,0.2770832871892393,2528312,0.7838482750546609,1,1,549149,0.3919239397669275,184492.85000000056,167638.59000000078,495296.85000000056,39373612312.4,187942.6900000004,581137.7200000007,3
772847,0.30567706833650277,2528312,0.5288069668616848,1,1,408703,0.2644032856704394,128951.65000000037,139525.25,527829.1500000004,29304257121.08,164711.5599999996,448740.61000000034,2
237729,0.09402676568398204,2528312,0.8702347653295954,1,1,206888,0.4351171849043947,197018.53000000026,165606.0100000007,287026.05000000075,14833766257.449999,136507.23000000045,565951.2300000004,4
448968,0.17757618521764718,2528312,0.015487803720426909,1,1,6954,0.007743901860213454,10266.5,57466.109999999404,382083.5999999996,498650678.22999996,55958.93999999948,107775.88999999966,2
359739,0.14228425922117208,2528312,0.6710591888975728,1,1,241416,0.3355297922091894,154582.59999999963,146944.6200000001,341930.5499999998,17309470910.78,127536.44999999925,471303.1200000001,4
824441,0.3260835688000532,2528312,0.8480674062378377,1,1,699209,0.42403390087932186,200516.29000000004,177996.20999999996,551046.4500000002,50132937549.39,213467.0599999996,634763.1899999995,3
43724,0.017293751720515504,2528312,0.8711377393296397,1,1,38091,0.43556886966481984,194437.6299999999,160772.5499999998,164547.7999999998,2166872507.75,111225.58000000007,540472.1199999992,4
152023,0.06012825948696205,2528312,0.82129460288129,1,1,124861,0.410647103680242,184934.13999999966,158182.52000000048,248458.34999999963,8952883850.51,119363.99000000022,527383.0,4
576837,0.2281510351570534,2528312,0.6364349020215859,1,1,367133,0.31821745101079296,150013.96999999974,148171.00999999978,439624.64999999944,26323153980.05,152089.2000000002,481548.1299999999,3
1168612,0.4622103601137834,2528312,0.8767533437328937,1,1,1024624,0.43837667186644685,211819.63999999966,190037.79999999888,705923.3999999994,73465609475.17,265777.1199999992,700381.5399999991,3
629390,0.24893684007353523,2528312,0.25565555200465767,1,1,160913,0.12782757824192584,66294.91999999993,105962.73000000045,463273.5,11537418444.45,110150.65000000037,279355.5800000001,2
1223888,0.4840731681849392,2528312,0.9374187204743718,1,1,1147340,0.4687095579975889,226071.90000000037,198600.60000000056,730797.6000000006,82264535513.55,281824.85000000056,742942.1800000006,3
39336,0.015558206423890723,2528312,0.02581603852689067,1,1,1016,0.012908217023848322,6817.469999999739,54774.31999999983,155513.19999999972,57835957.57,6894.379999999888,63529.27000000002,2
183214,0.07246494894617436,2528312,0.41422419384949327,1,1,75895,0.20711209692474664,95075.43999999948,114968.77999999933,262494.2999999989,5442103037.260001,72739.44999999925,306857.4899999993,4
997173,0.39440266865798207,2528312,0.10892326579947412,1,1,108620,0.05446163289973706,39018.79000000004,95623.66999999993,628775.8500000006,7787970244.3,139769.60000000056,234549.1400000006,2
269746,0.10669015532893092,2528312,0.8225369337328621,1,1,221885,0.41126846686643104,186898.22000000067,161252.63000000082,301433.7000000002,15909825515.77,134737.6900000004,543589.3200000003,4
273204,0.10805786627599759,2528312,0.36653862339774523,1,1,100144,0.18326931169887262,85786.24000000022,111563.6799999997,302989.7999999998,7180404223.79,78088.59999999963,292435.66000000015,4
414483,0.16393665022354836,2528312,0.5590287116463475,1,1,231717,0.2795145535835767,130515.12999999989,135406.64999999944,366565.3499999996,16614378995.480001,120589.44999999925,416586.1199999992,4
1130934,0.4473079271862017,2528312,0.4602402709792146,1,1,520522,0.23012033325001027,118877.23000000045,138937.29000000004,688968.2999999998,37321204180.8,204690.83999999985,460568.79000000004,2
9725,0.0038464398381212444,2528312,0.7581018481896221,1,1,7373,0.37905092409481106,168871.08999999985,147949.0,63920.25,419469359.79999995,94176.88999999966,474500.2799999998,0
809747,0.32027178607703477,2528312,0.6977971864231947,1,1,565061,0.34889839545119433,166968.29000000004,160530.13999999966,544434.1500000004,40514811299.78,191794.04000000004,548171.4400000004,3
710123,0.28086842130243417,2528312,0.3226326497679084,1,1,229118,0.1613163248839542,82310.90000000037,114970.27000000048,499603.3499999996,16427571207.480001,129490.78000000026,326611.63999999966,2
992049,0.39237602004815864,2528312,0.2963562250228611,1,1,294011,0.14817791475102757,80525.47999999952,117203.97999999952,626470.0499999989,21080400321.49,163904.72999999952,350217.1199999992,2
1067068,0.422047595391708,2528312,0.26253761402864834,1,1,280156,0.1312686092539212,74099.88999999966,114653.94999999925,660228.5999999996,20087290163.3,169570.82999999914,341698.1199999992,2
878235,0.3473602150367518,2528312,0.1665692367081278,1,1,146293,0.08328481611446689,50102.139999999665,100252.22999999952,575253.75,10489062682.789999,131518.9299999997,242261.43999999948,2
741540,0.2932944984637972,2528312,0.961528086723474,1,1,713039,0.48076424112214,224497.1400000006,188737.80000000075,513741.0,51124039264.21999,216674.52000000048,687082.4100000001,3
1262514,0.49935055483658664,2528312,0.7383736659083214,1,1,932243,0.3691870307145637,182465.97999999952,176060.15999999922,748179.2999999989,66841405896.57,260463.81999999937,635440.9899999993,3
843053,0.33344500204088734,2528312,0.14360134350507375,1,1,121068,0.07180047399213388,44501.81000000052,97028.16000000015,559421.8500000006,8680559306.43,123834.66000000015,228162.9500000002,2
130062,0.05144222706691263,2528312,0.08902698717563338,1,1,11579,0.04451349358781669,22169.21999999974,79138.79999999981,238575.90000000037,830504077.8199999,25939.540000000037,115088.35000000056,2
800730,0.3167053749695449,2528312,0.18602055442524498,1,1,148958,0.09301027721262249,53307.41000000108,101134.97000000067,540376.5000000009,10680235929.529999,123768.95000000112,239984.36000000127,2
173512,0.06862760608659058,2528312,0.5301469913523331,1,1,91990,0.26507329791576356,120651.84999999963,127228.94999999925,258128.39999999944,6596086872.090001,85935.169999999,369038.44999999925,4
1152474,0.45582744534693503,2528312,0.9486289666781631,1,1,1093313,0.47431448333908155,227533.20999999996,198049.5499999998,698661.2999999998,78389531967.89,273113.4899999993,738932.3700000001,3
1100857,0.43541184790484716,2528312,0.8453177455946893,1,1,930610,0.4226590705577476,203872.7000000002,184643.40000000037,675433.6500000004,66724880846.73,251953.6400000006,672755.5700000003,3
346776,0.137157123013299,2528312,0.829046415157623,1,1,287505,0.4145232075788115,189447.2800000012,163883.70000000112,336097.2000000011,20613955692.39,145732.75000000093,557594.2600000007,4
330034,0.1305353136796408,2528312,0.36362403057850456,1,1,120013,0.18181221304965525,85955.75,112333.37000000011,328563.2999999998,8605009116.91,84962.5,298231.4900000002,4
1136159,0.4493745233974288,2528312,0.08535220336730594,1,1,96977,0.04267590392324998,35786.0,94045.20000000019,691319.5500000007,6953369339.86,155232.53000000026,242508.65000000037,2
221338,0.0875437841532216,2528312,0.8408123680938112,1,1,186111,0.4204061840469056,190257.85000000056,162016.43000000063,279650.10000000056,13344159874.079998,130700.04000000004,547347.8700000001,4
26982,0.010671942386857319,2528312,0.47065433380057525,1,1,12700,0.23532696913988463,105354.83999999985,117884.37000000011,126709.8999999999,722486703.1500001,60450.14999999991,317903.06999999983,4
590878,0.23370454279376912,2528312,0.08318039862168909,1,1,49151,0.041590199310844546,27480.200000001118,84352.40000000037,445943.10000000056,3524314650.9300003,82947.53000000119,169091.80000000075,2
21876,0.008652413151541423,2528312,0.060574011435297545,1,1,1325,0.030287005717648773,14306.96999999974,66968.32999999961,113016.19999999972,75449342.42,9671.60999999987,83721.71999999974,4
725847,0.28708759045560833,2528312,0.7420255095099022,1,1,538618,0.3710127547549511,175578.71999999974,163537.99000000022,506679.1500000004,38620044117.35,186003.75999999978,561211.7400000002,3
609266,0.2409773793740646,2528312,0.4528926809665896,1,1,275943,0.2264463404832948,109761.5399999991,127645.02999999933,454217.69999999925,19784856300.21,132864.88999999966,384339.7399999993,2
779641,0.30836423669230695,2528312,0.28634559342359645,1,1,223255,0.14317299447220122,75260.96999999974,112155.50999999978,530886.4500000002,16007721907.51,134044.3799999999,316153.6799999997,2
1088497,0.43052321074297795,2528312,0.17045245998120484,1,1,185544,0.08522603223019944,53978.07999999914,104305.93999999948,669871.6499999994,13303340619.359999,160193.2199999988,272022.8699999992,2
221311,0.08753310509146023,2528312,0.02181850974088641,1,1,4829,0.010909254870443206,8495.070000000298,56193.830000000075,279637.9500000002,346300797.65999997,28492.510000000708,83345.88000000082,2
808469,0.3197663104869969,2528312,0.6098827992747731,1,1,493090,0.30494139963738653,147449.66000000015,150499.58999999985,543859.0499999998,35355286589.62,180142.28000000026,498820.0700000003,2
1029087,0.4070253196599154,2528312,0.5526952369802461,1,1,568794,0.27634761849012307,137924.93999999948,147614.01999999955,643137.1499999994,40782003606.9,202957.52999999933,497790.4099999992,2
364448,0.1441467666965153,2528312,0.7685613959036701,1,1,280112,0.38428089571223806,176280.16000000015,157714.56999999937,344049.5999999996,20084750040.23,140455.7399999993,526210.6299999999,4
313799,0.12411403339461269,2528312,0.9208934656798686,1,1,288987,0.4604467328399343,209350.74999999907,173054.36999999918,321257.5499999989,20720769482.800003,152896.36999999918,604547.3499999987,4
701860,0.27760023288265057,2528312,0.9747527203921035,1,1,684166,0.48737655795645474,226862.25999999978,189184.6200000001,495885.0,49055141291.22,212847.04000000004,688923.25,3
878413,0.3474306177402156,2528312,0.8054393603321109,1,1,707536,0.40271968016605547,191835.45999999996,174478.1200000001,575333.8499999996,50729459538.13,215410.83999999985,618386.3399999999,3
1187659,0.46974384490521737,2528312,0.985439297048782,1,1,1170411,0.492719648524391,236203.60000000056,203297.81000000052,714494.5500000007,83917008867.68001,283090.8700000001,765041.1700000009,3
313260,0.12390084768019137,2528312,0.5538845680438174,1,1,173517,0.2769420862615057,127921.93000000063,132714.48000000045,321015.0,12441644180.619999,106719.11000000034,400268.1200000001,4
204005,0.08068822202323131,2528312,0.2161742696312797,1,1,44102,0.10808713481563985,51435.04000000004,94043.66000000015,271850.25,3162498867.17,50666.45999999996,202616.78000000026,4
577410,0.22837766857887792,2528312,0.28637090675517896,1,1,165360,0.14318565113799248,72363.03000000026,108449.0,439882.5,11856656491.95,107267.5700000003,289015.2000000002,2
1073851,0.42473041301864645,2528312,0.7098063846550584,1,1,762256,0.3549031923275292,173424.8200000003,168188.1400000006,663280.9500000002,54654326427.44,230082.75999999978,592284.7599999998,3
555364,0.2196580168903205,2528312,0.14058510183869713,1,1,78079,0.07029274867975155,39707.25999999978,91830.1099999994,429961.7999999998,5598531296.700001,85711.36999999918,189200.88999999966,2
1030279,0.40749678046063936,2528312,0.6945092219631122,1,1,715566,0.3472546109815561,169404.25,165373.93000000063,643673.5499999998,51305476580.13,221956.03000000026,577466.6900000004,3
857315,0.3390859197757239,2528312,0.15121472349931495,1,1,129644,0.07560736174965747,46397.68999999948,98140.01999999955,565839.75,9295576148.35,126727.16999999993,233173.0,2
1203485,0.4760033571806011,2528312,0.7847670698869443,1,1,944492,0.39238353494347217,191909.6099999994,180097.71999999974,721616.25,67719428648.92,258364.1299999999,653214.5099999998,3
852705,0.3372625688601723,2528312,0.7671039017336468,1,1,654139,0.3835519508668234,182961.48000000045,169464.06000000052,563765.25,46902183871.4,206805.40000000037,593150.5600000005,3
79286,0.031359262622651,2528312,0.32268011226462556,1,1,25585,0.16134005613231278,73275.53999999957,103182.79999999981,215726.69999999972,1455465201.47,47181.14999999991,242546.5499999998,4
766882,0.30331778672885307,2528312,0.8534132654514158,1,1,654493,0.4267068304861109,200875.9500000002,177152.2000000002,525144.9000000004,46927429549.13,206149.7999999998,629621.1600000001,3
411721,0.16284422175744132,2528312,0.4667493568831695,1,1,192178,0.23337467844158474,110003.11000000034,125216.50999999978,365322.4500000002,13779621171.039999,108543.03000000026,365374.5800000001,4
189576,0.07498125231379671,2528312,0.46168036223377495,1,1,87527,0.23084018111688748,105693.19000000041,120196.75000000093,265357.2000000011,6275855810.029999,79433.11000000034,333563.3900000006,4
277980,0.10994687364534124,2528312,0.17448242147329918,1,1,48505,0.08724121073664959,43250.58999999985,90825.46999999974,305139.0,3477859739.17,54637.700000000186,167192.53000000026,2
890983,0.35240231427133994,2528312,0.2207089156718,1,1,196656,0.11035426007549701,62295.68999999948,106674.68999999948,580990.3499999996,14100193664.32,140331.18999999948,295019.3699999992,2
461057,0.18235763624109683,2528312,0.08610408841946722,1,1,39700,0.04305204420973361,26267.78000000026,83296.66000000015,387523.6500000004,2846631985.79,66630.79000000004,154295.04000000004,2
888156,0.3512841769528444,2528312,0.8911989501295726,1,1,791554,0.4455992773043833,211001.16999999993,184545.34999999963,579718.2000000002,56755534711.9,228039.11000000034,668216.6500000004,3
847368,0.3351516743186759,2528312,0.11456972082559432,1,1,97086,0.05728486041279716,38124.05999999959,93789.00999999978,561363.5999999996,6961291809.030001,120606.25999999978,216928.13999999966,2
1062281,0.4201542372934986,2528312,0.3863799246295552,1,1,410460,0.19318976455437462,101506.80999999959,128968.93999999948,658074.4499999993,29430123812.57,185410.5399999991,409817.32999999914,2
767527,0.30357289764870793,2528312,0.39005470843788265,1,1,299389,0.19502735421894132,98093.3200000003,123687.04000000004,525435.1500000004,21466588045.760002,145928.5,371352.70999999996,2
412148,0.16301310914159328,2528312,0.4300208993193878,1,1,177239,0.21501064742009687,101861.41000000015,121191.95000000019,365514.5999999996,12707929024.1,103947.45000000019,345285.96999999974,2
727892,0.28789643050383024,2528312,0.5223176569980287,1,1,380206,0.26115882849901434,126864.31000000052,137858.60000000056,507599.4000000004,27260262431.489998,157769.33000000007,438934.1300000008,2
71713,0.028363983558991137,2528312,0.7827242049240758,1,1,56134,0.3913623002224409,175224.0400000005,152076.7200000002,212038.85000000056,3193220697.3099995,103129.63000000035,494085.0100000007,4
1219015,0.4821457952974158,2528312,0.23919397605991666,1,1,291592,0.11959679026955534,71101.33999999985,114650.37000000011,728604.75,20907004240.52,187087.20999999996,349460.51999999955,2
823725,0.325800375902974,2528312,0.8938014770328978,1,1,736275,0.4469005407560459,210651.08000000007,183188.66000000015,550724.25,52791028870.24,219345.0,660490.9500000002,3
973491,0.38503594493084714,2528312,0.6514504538996769,1,1,634206,0.32572522694983846,159041.0599999996,159063.56999999937,618118.9500000002,45473262490.590004,208353.3099999996,545241.21,2
855173,0.3382387142093223,2528312,0.5733568483636513,1,1,490338,0.28667822642142265,140015.77000000048,146322.25999999978,564875.8500000006,35156928514.76,181760.00999999978,484957.23000000045,2
1179742,0.4666125066843016,2528312,0.9246655476064662,1,1,1090909,0.4623329715636361,222607.4400000004,195948.5100000007,710931.9000000004,78217718019.64,273794.70999999996,729246.5200000005,3
1083812,0.4286701957669781,2528312,0.9171803163533615,1,1,994090,0.45859015817668075,219569.88999999966,192586.1099999994,667763.3999999994,71276099625.41,259123.75999999978,711082.6899999995,3
5038,0.0019926338205094943,2528312,0.7287601371982572,1,1,3672,0.3643798708387256,162299.23000000045,144735.25000000047,36855.10000000056,208927877.51,90190.3900000006,457866.6400000006,0
177104,0.07004831682165809,2528312,0.8333975395441702,1,1,147604,0.4166985720116821,187977.33000000007,160107.83999999985,259744.7999999998,10583635703.390001,124066.46999999974,537389.0,4
868005,0.3433140371916124,2528312,0.40341737886779794,1,1,350182,0.201708491673496,102495.80000000075,127160.0700000003,570650.25,25107627019.690002,161223.6400000006,392509.48000000045,2
753157,0.29788926366682594,2528312,0.14267305617344694,1,1,107459,0.07133652808672347,43010.550000000745,95405.63000000082,518968.6500000004,7705089297.57,111835.55000000075,215905.4400000004,2
882520,0.349055021690361,2528312,0.21443239600175928,1,1,189248,0.10721619800087964,60784.25,105806.5,577182.0,13569413364.87,138379.64999999944,290456.8099999996,2
199899,0.07906421359389189,2528312,0.026764892940428237,1,1,5350,0.013382446470214119,9342.61999999918,57641.669999998994,270002.5499999989,383734888.60999995,26568.199999999255,83828.44999999925,2
427547,0.16910373403282505,2528312,0.7007805998626752,1,1,299628,0.3503902999313376,162147.90000000037,151801.08999999985,372444.1500000004,21484469540.25,140280.5700000003,496981.86000000034,4
359120,0.14203943184227263,2528312,0.11209573818421144,1,1,40257,0.056047671331702735,30572.099999999627,85405.59999999963,341652.0,2886679991.0699997,56983.139999999665,152625.79000000004,2
511028,0.20212220643654738,2528312,0.04298599223513554,1,1,21968,0.02149299611756777,17420.340000000782,68436.42000000086,410010.60000000056,1575201849.0500002,67526.62000000104,132958.1400000006,2
917054,0.3627139372039527,2528312,0.029727739297998032,1,1,27263,0.014863671888596029,20303.33999999985,70014.8599999994,592722.2999999998,1954818922.2500002,118680.18999999948,177403.8799999999,2
1177595,0.4657633235138701,2528312,0.4564140027021982,1,1,537492,0.2282068035906961,118695.01999999955,139423.04000000004,709965.75,38537467075.57,210614.3700000001,464933.3099999996,2
3467,0.0013712706343204477,2528312,0.38474998338812616,1,1,1334,0.19237499169406308,85957.02000000002,108327.60999999987,26424.149999999907,75950764.75999999,47912.75999999978,269198.2599999998,0
776078,0.3069549960606128,2528312,0.1642218207246574,1,1,127454,0.0821109103623287,48117.25000000093,98236.56000000052,529283.1000000006,9138593605.920002,117662.03000000119,227745.95000000112,2
562695,0.22255757991893405,2528312,0.6930370935232677,1,1,389984,0.34651854676163385,162370.3799999999,154147.66999999993,433260.75,27963006723.149998,157438.45999999996,511153.9199999999,3
703734,0.27834143887305046,2528312,0.15615200972031934,1,1,109894,0.07807580709975667,45288.34999999963,96088.62999999989,496728.2999999998,7879500718.35,107077.66000000015,214903.5599999996,2
833706,0.3297480690674252,2528312,0.48625644303392934,1,1,405411,0.24312822151696467,120381.76999999955,135935.78000000026,555215.7000000002,29067421043.7,167422.91999999993,433557.4299999997,2
920492,0.3640737377348998,2528312,0.6760538256354437,1,1,622326,0.33802711057812485,163733.74000000022,160657.33000000007,594269.4000000004,44620796525.0,204247.56000000052,551561.4400000004,3
290184,0.11477380956147817,2528312,0.007330978138774012,1,1,2127,0.003665686829789994,2075.3300000000745,48092.31000000052,310630.7999999998,80725204.1,34883.20999999996,81912.75,2
654147,0.2587287486670949,2528312,0.22887483823199037,1,1,149724,0.11443761687639817,60710.25999999978,103403.30999999959,474414.1500000004,10735086682.31,109958.08999999985,268035.6200000001,2
404317,0.1599157857099915,2528312,0.5893608067358775,1,1,238298,0.29468040336793877,137100.97999999952,138520.93999999948,361990.6500000004,17087097719.16,123094.61000000034,431994.6699999999,4
1008358,0.39882656887282897,2528312,0.9325996949743545,1,1,940431,0.46630004524758023,221908.28000000026,192417.5599999996,633809.0999999996,67429133382.76,250463.23000000045,708942.1100000003,3
914611,0.36174767987495215,2528312,0.8651550916184395,1,1,791311,0.43257754580921975,205601.75000000093,182232.1200000001,591622.9500000002,56738002477.61,228328.53000000026,657262.3600000003,3
876719,0.34676060549489146,2528312,0.624276592445869,1,1,547336,0.3121382962229345,151622.6200000001,153704.20999999996,574571.5499999998,39244826078.450005,191399.38999999966,516402.89999999944,2
675490,0.26717034922905086,2528312,0.8092525764225301,1,1,546663,0.40462648597166806,189768.5100000007,169879.29000000004,484018.5,39195130767.35,187778.25,591896.3300000001,3
216801,0.08574930625650631,2528312,0.31241081005825233,1,1,67734,0.15620540502912617,72969.99000000022,104647.41999999993,277608.4500000002,4857004860.78,64243.10000000056,255885.90000000037,4
611785,0.24197369628431933,2528312,0.8267840361474375,1,1,505834,0.4133920180737187,192743.63999999966,170258.54000000004,455351.25,36268282381.62,181287.47999999952,592833.21,3
1123467,0.44435457332797534,2528312,0.12064056967652727,1,1,135541,0.06032008707786064,43430.46999999974,99084.79999999981,685608.1499999994,9718198706.64,158246.21999999974,256232.6299999999,2
924379,0.36561112710773036,2528312,0.7098827201706118,1,1,656226,0.3549411623249029,171295.24000000022,164636.90000000037,596018.5499999998,47051812773.53,209243.6400000006,571108.5200000005,3
395974,0.15661595562572975,2528312,0.761804318454368,1,1,301666,0.38090235698758695,175234.31999999937,157744.18999999948,358236.2999999998,21630727811.72,143797.89999999944,526716.8300000001,4
23843,0.009430402576897154,2528312,0.011211432766209234,1,1,267,0.005605716383104617,2034.720000000205,48178.68000000017,118437.35000000056,10185608.31,3544.100000000559,51825.73000000045,2
990886,0.391916029350808,2528312,0.4087402978746294,1,1,405031,0.2043703466977177,105441.37999999989,130173.60000000056,625946.7000000002,29040204435.32,178625.9299999997,412460.6500000004,2
174937,0.06919122323510705,2528312,0.8968058530750952,1,1,156891,0.4484027287771446,202015.47999999952,166865.83000000007,258769.64999999944,11251115495.22,131670.75,572494.7599999998,4
888605,0.3514617657947279,2528312,0.4509566066213347,1,1,400738,0.22547850107107034,113340.22000000067,133009.31000000052,579920.25,28732758654.010002,170262.3700000001,421614.8900000006,2
364135,0.14402296868424466,2528312,0.3555874433218685,1,1,129487,0.17779372166093424,84659.7899999991,112106.0,343908.75,9284440310.179998,88325.47999999952,298320.8599999994,2
871804,0.34481662073351704,2528312,0.2905329721964694,1,1,253298,0.1452664860982347,77512.94000000041,114323.88999999966,572359.7999999998,18161699153.85,146931.71999999974,330798.58999999985,2
316087,0.12501898499868688,2528312,0.5952311265381804,1,1,188152,0.2976155632690902,137136.83999999985,137669.25999999978,322287.14999999944,13491696076.28,112283.75,423466.81999999937,4
399254,0.15791326386933258,2528312,0.5556932846895478,1,1,221871,0.2778466423447739,129556.6099999994,134719.66000000015,359712.2999999998,15908793352.83,118166.37999999989,412700.9199999999,4
1073824,0.42471973395688506,2528312,0.6700945136517962,1,1,719591,0.3350472568258981,164613.02999999933,163562.2999999998,663268.7999999998,51593834561.74999,224785.88999999966,569919.2799999993,3
1073390,0.42454807792709126,2528312,0.45866253848417443,1,1,492343,0.22933126924208722,117702.72000000067,137597.83999999985,663073.5,35301031599.33,196560.1299999999,451622.22000000067,2
96649,0.03822669037682058,2528312,0.6725265710877455,1,1,65002,0.33626308778346975,151137.08999999892,140937.39999999944,223540.04999999888,4661769068.280001,94050.34999999963,437784.50999999885,4
475158,0.18793487512617113,2528312,0.48785909333974603,1,1,231819,0.24392954666987302,115599.91999999993,128825.95999999996,393869.0999999996,16622234863.4,119554.26999999955,385472.98000000045,2
386031,0.1526832922519056,2528312,0.1568366562354646,1,1,60546,0.0784183281177323,40880.22000000067,90751.40000000037,353761.9500000002,4341173862.44,66032.69000000041,174023.72000000067,2
304806,0.12055711478646623,2528312,0.35155075797607255,1,1,107159,0.17577537898803627,82913.41999999993,110536.66000000015,317210.7000000002,7683229277.67,80223.68999999948,288379.8099999996,4
652674,0.25814614651989154,2528312,0.3615416135350384,1,1,235978,0.1807708067675192,90120.00999999978,118263.1099999994,473751.2999999998,16920013972.79,126881.75999999978,340081.6699999999,2
134491,0.053193988716582444,2528312,0.5699684216188509,1,1,76659,0.28498421080942543,128927.4299999997,130681.83000000007,240568.9500000002,5497770186.02,86023.06999999937,385979.2999999998,4
578487,0.2288036444869146,2528312,0.8657879249080018,1,1,500866,0.4328939624540009,200921.33999999985,173775.0499999998,440367.14999999944,35912404085.07,181733.8599999994,610105.4899999993,3
609414,0.24103591645334912,2528312,0.6489966428193988,1,1,395523,0.3244983214096994,153268.57999999914,150328.79999999888,454284.2999999989,28358841452.33,158100.7399999993,493029.88999999966,3
939179,0.3714648350361822,2528312,0.7949766484516152,1,1,746654,0.3974881264654046,190383.8200000003,174780.48000000045,602678.5499999998,53536104566.99,222522.86000000034,621125.1200000001,3
1120395,0.4431395334120156,2528312,0.28014738687313906,1,1,313888,0.14007369343656953,78771.16999999993,117675.79000000004,684225.75,22505494346.98,179158.40000000037,358662.70999999996,2
429532,0.16988884283268837,2528312,0.9994213530608564,1,1,429300,0.4997104787700252,228431.1299999999,185226.86000000034,373337.4000000004,30780796075.38,178409.16999999993,664567.3899999997,4
136318,0.05391660522910147,2528312,0.4985828489521863,1,1,67968,0.24929122671569015,113114.39999999944,123077.70999999903,241391.09999999963,4873636044.31,77404.21999999974,347020.3699999992,4
657285,0.25996989295624906,2528312,0.6731309268792776,1,1,442456,0.3365652656792358,159310.51999999955,154148.21999999974,475826.25,31724746544.89,167709.25,513103.31999999937,3
696768,0.27558624093861833,2528312,0.09971712351956562,1,1,69482,0.04985856175978281,32667.199999999255,89612.81999999937,493593.5999999996,4981939301.47,98854.62999999989,191130.64999999944,2
467609,0.1849490885618547,2528312,0.875571923085442,1,1,409441,0.437786159303124,201500.06000000052,172039.6200000001,390472.05000000075,29356636120.68,167858.79000000097,600196.9900000002,4
880966,0.34844038235787356,2528312,0.31936920759779647,1,1,281364,0.15968440603849524,84040.26999999955,117792.24999999907,576482.6999999993,20173545209.79,151946.33999999892,347958.5099999998,2
600729,0.2376008182534434,2528312,0.13071606668797206,1,1,78528,0.06535823110438901,38168.13000000082,91492.8200000003,450376.05000000075,5630435771.009999,90330.26000000071,191089.84000000078,2
700879,0.2772122269719876,2528312,0.6265884115568016,1,1,439180,0.3132944035388038,149610.0700000003,149926.5100000007,495443.5499999998,31489066043.94,167622.02000000048,493180.5600000005,2
728200,0.288018250912071,2528312,0.0054819183708339795,1,1,3992,0.0027409591854169898,2903.9199999999255,49227.580000000075,507738.0,151439098.31,90373.95999999996,136826.59999999963,2
1014773,0.40136383484316807,2528312,0.4304749572046488,1,1,436851,0.2152376763627274,110603.6799999997,133156.27000000048,636695.8500000006,31321734443.13,184768.95999999996,427800.2599999998,2
1080226,0.4272518581567465,2528312,0.25799307996797866,1,1,278702,0.1289967377443923,73279.35000000056,114361.13000000082,666149.7000000011,19982918156.81,170748.35000000056,340969.3900000006,2
847479,0.33519557712813924,2528312,0.9623760833314876,1,1,815625,0.48118823942614675,226207.4400000004,191626.16000000015,561413.5499999998,58479945726.28,231653.83000000007,702699.4100000001,3
1077537,0.4261883027094757,2528312,0.46274431320185166,1,1,498643,0.23137215660092583,118665.64999999944,138157.38999999966,664939.6499999994,35752430809.17,197670.06999999937,454475.5599999996,2
202328,0.08002493363160876,2528312,0.592345802258582,1,1,119853,0.296173098889694,134865.7600000007,134527.37000000104,271095.60000000056,8594063121.69,97300.97000000067,406973.67000000086,4
10739,0.004247497935381392,2528312,0.5476301975389113,1,1,5881,0.27381509876945564,122195.2900000005,125696.01000000024,69140.55000000028,334620096.24,68462.81000000006,358562.2900000005,4
949813,0.3756708032869361,2528312,0.7464913349301827,1,1,709055,0.3732458652254943,179779.75,169457.33000000007,607463.8499999996,50839558038.71999,217611.00999999978,595302.3300000001,3
799343,0.3161567876116555,2528312,0.536084154170846,1,1,428532,0.268042077085423,130944.1799999997,140902.8799999999,539752.3499999996,30725640291.14,169259.46999999974,456453.5499999998,2
61303,0.024246611968776005,2528312,0.2738044197076943,1,1,16786,0.13690240761425013,62174.810000000056,97652.70999999996,196086.3500000001,954917457.15,39438.34000000032,214549.91999999993,4
313096,0.12383598226801122,2528312,0.9532292691724755,1,1,298464,0.47661443682583476,216511.13999999966,176553.5499999998,320941.19999999925,21400584892.970005,156863.0599999996,622587.2799999993,4
1156145,0.4572794022256747,2528312,0.41483804214036873,1,1,479632,0.20741902107018437,109163.86000000034,134120.04000000004,700313.25,34389690503.72,202081.08000000007,438618.3700000001,2
468529,0.18531296770335307,2528312,0.6294017510497122,1,1,294904,0.3147008755248561,146904.16000000015,144896.91000000015,390886.05000000075,21145418326.289997,136679.9400000004,462858.1900000004,4
796627,0.3150825531026234,2528312,0.2597658042203652,1,1,206944,0.1298827043497796,69605.12000000011,109444.08000000007,538530.1500000004,14837850816.079998,132842.43000000063,303806.98000000045,2
896072,0.35441511965295425,2528312,0.6609548188672917,1,1,592286,0.33047740943364584,160035.43999999948,158353.63999999966,583280.3999999994,42467082669.95,198883.26999999955,539656.3300000001,3
479215,0.18953950303601771,2528312,0.8261440834833675,1,1,395916,0.41307204174168377,190698.18999999948,166874.29000000004,395694.75,28386877452.65,163140.6799999997,574076.6499999994,4
1187915,0.46984509823154735,2528312,0.7478823816048019,1,1,888455,0.37394119080240096,183506.08999999985,175379.7999999998,714609.75,63702070531.52999,251207.26999999955,630095.2799999993,3
825208,0.3263869332582371,2528312,0.6519622578226105,1,1,538025,0.32598112891130526,157022.5700000003,155674.50999999978,551391.6000000006,38577013909.10999,187935.8799999999,524668.6699999999,3
1117393,0.4419521799524742,2528312,0.9721161786994643,1,1,1086278,0.48605789158932916,232238.41000000015,199876.08000000007,682874.8499999996,77886527835.70001,271242.51999999955,747213.4900000002,3
296347,0.1172114042887112,2528312,0.8503028898332168,1,1,251994,0.4251516426770114,193437.2999999998,164932.24000000022,313404.1500000004,18068978611.74,141717.65000000037,562665.25,4
137521,0.05439241675869117,2528312,0.28673478589667734,1,1,39434,0.14336759070874164,66136.87000000011,100423.65000000037,241932.4500000002,2827551220.95,51314.20999999996,232113.5499999998,4
1074791,0.4251022025762643,2528312,0.9811562022408626,1,1,1054579,0.4905779033600284,233633.02999999933,199799.79000000004,663703.9500000002,75612820007.29999,266366.3099999996,746164.8399999999,3
1187075,0.46951286075452714,2528312,0.16221297055110287,1,1,192566,0.08110628751514845,53566.020000000484,105031.4299999997,714231.75,13806983796.37,172397.54000000004,281915.8100000005,2
489194,0.19348640515885698,2528312,0.2703661573413408,1,1,132267,0.1351830786706704,67549.70000000019,105063.45000000019,400185.30000000075,9483817738.79,93699.95000000019,268617.86000000034,2
725083,0.2867854125598423,2528312,0.28299236803052785,1,1,205201,0.14149598625486096,73733.87999999989,110774.40999999922,506335.3499999996,14713001602.53,126343.32999999914,307037.20999999903,2
1106538,0.43765880160359955,2528312,0.9633585570135331,1,1,1066034,0.48167947626716956,230141.85000000056,198564.58999999985,677990.1000000006,76434097446.75002,268524.7700000005,740642.2800000003,3
348173,0.13770966557924813,2528312,0.98294949357516,1,1,342250,0.491474944547983,223609.4299999997,180720.08000000007,336725.85000000056,24541174542.62,165306.66999999993,644076.1900000004,4
174306,0.0689416496065359,2528312,0.30540376345957304,1,1,53236,0.15270188172978652,70805.91999999993,103103.62999999989,258485.7000000002,3817515300.6800003,58116.139999999665,246739.74000000022,4
1188769,0.4701828729998513,2528312,0.2643882558798123,1,1,314309,0.13219412793990615,76256.46999999974,117072.34999999963,714994.0499999998,22535908081.92,186356.28000000026,359252.6799999997,2
711898,0.2815704707330424,2528312,0.18011977952088193,1,1,128232,0.09006008752084395,50721.45999999996,98930.09999999963,500402.0999999996,9194427775.99,111257.69999999925,225808.79000000004,2
256345,0.10138978100804015,2528312,0.7169700574929043,1,1,183799,0.35848502874645216,163285.25,149492.4400000004,295403.25,13179949215.27,119781.0,483022.25,4
458397,0.1813055508971994,2528312,0.3779141972984347,1,1,173241,0.18895690088881437,90967.64999999944,116360.62999999896,386326.64999999944,12421300834.47,103372.51999999955,322938.81999999937,2
30106,0.011907549384727835,2528312,0.37694121611573256,1,1,11349,0.18847041029746328,84608.72999999998,108014.87999999989,134523.69999999972,645632138.24,49227.02000000002,267241.02,4
292505,0.11569181335214958,2528312,0.27042390337901334,1,1,79103,0.13521195168950667,64737.76000000071,101494.05000000075,311675.25,5671735027.669999,68482.01000000071,242933.20999999996,2
458436,0.18132097620863247,2528312,0.7383392555982015,1,1,338494,0.36916962779910073,170925.66000000015,156675.1900000004,386344.2000000002,24271215149.429996,149179.93000000063,522125.5200000005,4
59531,0.023545749100585687,2528312,0.15293484348450667,1,1,9105,0.07646761950265632,35333.729999999516,84775.29999999981,193196.94999999972,517987150.84,24392.709999999497,130354.5299999998,4
964452,0.3814608323656258,2528312,0.8041147611528957,1,1,775560,0.40205718281604486,192777.03000000026,176458.68999999948,614051.3999999994,55608463578.159996,227270.0599999996,629888.6499999994,3
582819,0.2305170406184047,2528312,0.0478864950211841,1,1,27910,0.02394324751059205,19533.830000000075,71360.93999999948,442316.5499999998,2001188130.77,77373.66000000015,145302.16999999993,2
340074,0.13450634257164465,2528312,0.8159352959603087,1,1,277489,0.40796784574055733,186439.00999999978,162285.66999999993,333081.2999999998,19896417776.37,143188.8099999996,549357.2699999996,4
92312,0.0365113166413006,2528312,0.515654713500549,1,1,47603,0.2578273567502745,116269.43999999948,123996.56999999937,221588.39999999944,3413273058.27,74155.9299999997,350901.19999999925,4
954246,0.37742414701982985,2528312,0.44153371893975113,1,1,421348,0.22076705723027854,112192.09000000078,133235.77000000048,609458.7000000002,30210907474.44,177966.28000000026,425508.1400000006,2
1250567,0.49462526776758564,2528312,0.19773232101101446,1,1,247287,0.09886596274510424,62356.96999999974,110315.29000000004,742803.1499999994,17730408447.23,185790.50999999978,305324.39999999944,2
307532,0.12163530450355811,2528312,0.36125486095070547,1,1,111102,0.18062723271494974,85104.29999999981,111645.0,318437.4000000004,7965948168.9,81787.1799999997,294010.0600000005,4
517462,0.20466698730220004,2528312,0.560416198633713,1,1,290005,0.28020829707725947,132302.5,137729.5499999998,412905.9000000004,20794437748.82,134409.91999999993,431250.3100000005,2
1132915,0.4480914539028411,2528312,0.808163312122871,1,1,915616,0.4040814583010325,196087.77999999933,181101.52999999933,689859.75,65650082344.81999,251521.9299999997,656308.2000000002,3
1015604,0.40169251263293454,2528312,0.24099201364388573,1,1,244762,0.12049620458234585,68582.50999999978,111226.08999999985,637069.7999999998,17549251335.899998,159749.99000000022,322876.1900000004,2
921990,0.36466622790225256,2528312,0.4761010508196773,1,1,438977,0.23805052540983865,119398.62000000011,136565.56000000052,594943.5,31474966473.08,178122.65000000037,440179.2999999998,2
905410,0.3581084929391626,2528312,0.7293217767427438,1,1,660361,0.3646606906109689,175339.23000000045,166415.75,587482.5,47348571286.5,209170.8799999999,579354.4500000002,3
1190975,0.4710553918978354,2528312,0.8069087201263135,1,1,961045,0.40345416230275377,196644.1900000004,182394.46999999974,715986.75,68906912995.62,259572.02000000048,663962.5200000005,3
966777,0.38238041823952107,2528312,0.2131710801515003,1,1,206097,0.10658573783615313,61707.93000000063,107143.08999999985,615097.6500000004,14777060887.55,149494.15000000037,301049.33999999985,2
352782,0.13953262097399372,2528312,0.9809952252728302,1,1,346091,0.4904976126364151,223243.5700000003,180627.76999999955,338799.9000000004,24816559069.75,165683.79000000004,643605.2199999997,4
560733,0.2217815680976082,2528312,0.12787939146750876,1,1,71709,0.06393989349415737,36964.359999999404,90507.0,432377.8499999996,5141636678.950001,84776.46999999974,184755.16999999993,2
1124458,0.44474653444669804,2528312,0.6705857504928189,1,1,754075,0.33529287524640944,165447.13999999966,164805.83999999985,686054.0999999996,54066771928.35,231928.0,577398.8700000001,3
962055,0.3805127689937001,2528312,0.11714100158524739,1,1,112700,0.05857030303222071,40341.800000000745,95990.5,612972.75,8080797677.2699995,136178.86000000034,233201.52000000048,2
1030288,0.40750034014789316,2528312,0.31696879182632526,1,1,326582,0.15848439591316263,85648.49000000022,120300.52000000048,643677.6000000006,23415624257.870003,171820.83000000007,366820.4500000002,2
1256934,0.4971435487392379,2528312,0.5408050905109812,1,1,679783,0.2704025452554906,138556.79000000004,150992.5599999996,745668.2999999998,48739699479.200005,232990.7999999998,523335.6299999999,2
1015356,0.40159442347305235,2528312,0.6741592809748164,1,1,684538,0.3370794427270052,164675.3099999996,162665.88999999966,636958.2000000002,49081566358.46,217174.1200000001,563912.3600000003,3
143456,0.056739832742161565,2528312,0.658629552048956,1,1,94488,0.329314578264075,148721.77000000048,140545.08999999985,244603.2000000002,6775449920.07,98117.83000000007,436006.21999999974,4
690673,0.27317554162619173,2528312,0.9304017858555431,1,1,642628,0.46520089292777156,216861.9500000002,183895.6400000006,490850.85000000056,46075792957.25,205544.75999999978,662277.2599999998,3
321933,0.12733119963042536,2528312,0.004747831754941637,1,1,1529,0.0023739158774708185,1706.7099999999627,47470.65999999922,324917.8499999996,58013384.06,38422.11999999918,84651.95999999996,2
606017,0.239692332275447,2528312,0.21185201826356873,1,1,128391,0.10592600913178436,56242.05999999959,100647.5,452755.6500000004,9205565674.210001,101446.37999999989,252460.6200000001,2
1247208,0.49329671338031067,2528312,0.2854240299456713,1,1,355997,0.14271181721243265,81761.56000000052,120615.1799999997,741291.6000000006,25524619884.969997,197168.73000000045,378883.48000000045,2
280966,0.111127898771987,2528312,0.9510258227623806,1,1,267216,0.4755129113811903,215562.97999999952,175472.7899999991,306482.69999999925,19160806763.17,152309.49999999907,616997.9799999995,4
946772,0.3744680245159616,2528312,0.881271773420369,1,1,834396,0.4406358867101845,209636.41000000015,184903.1200000001,606095.3999999994,59826167492.05,234971.3599999994,670983.1399999997,3
239366,0.09467423324336553,2528312,0.7557916111619135,1,1,180918,0.3778956078205538,171653.97999999952,153281.64999999944,287762.69999999925,12972501373.61,122429.36999999918,502358.88999999966,4
248269,0.09819555497897411,2528312,0.5789855049535025,1,1,143750,0.28949275247675127,132557.7999999998,134064.3799999999,291769.0499999998,10307150610.42,101487.70000000019,405574.46999999974,4
962290,0.38060571638310464,2528312,0.5893437993412205,1,1,567142,0.2946717019102073,145099.3700000001,150437.25,613078.5,40664162661.4,198593.2000000002,508878.1200000001,2
690151,0.27296907976547197,2528312,0.6999448643996469,1,1,483086,0.34997262996022643,165731.95999999996,157938.28000000026,490615.9500000002,34636917489.57001,175655.8900000006,532658.75,3
478389,0.18921280285028114,2528312,0.7839119539044231,1,1,375029,0.39195597695221157,181322.49000000022,162190.58000000007,395323.0499999998,26890992705.22,157660.01999999955,550323.2299999995,4
589565,0.23318522397552202,2528312,0.23761031075278685,1,1,140092,0.11880495761599043,61724.12000000011,103232.87000000011,445352.25,10044776069.04,102605.93999999948,264294.8200000003,2
142481,0.056354199956334505,2528312,0.3793855346966672,1,1,54057,0.1896925695879306,86760.76999999955,110436.6099999994,244164.44999999925,3876042485.98,63394.84999999963,282785.14999999944,4
106069,0.041952496369119,2528312,0.9829752024275485,1,1,104267,0.49148760121377427,220140.86000000034,174294.54000000004,227779.0499999998,7477125171.55,133557.6799999997,611734.3399999999,4
350769,0.13873643759156307,2528312,0.9867540082078478,1,1,346136,0.4933770041039239,224489.2999999998,181204.15000000037,337894.0499999998,24819305975.64,166133.6200000001,646571.1600000001,4
1216010,0.4809572552754565,2528312,0.21526378073592184,1,1,261773,0.10763189036796092,65750.61000000034,111778.62000000011,727252.5,18769314214.73,183457.28000000026,335882.6699999999,2
447679,0.1770663588987435,2528312,0.6222198842547914,1,1,278566,0.3111099421273957,145010.66999999993,143626.31000000052,381503.5499999998,19974199171.449997,132993.2999999998,456047.1400000006,4
123623,0.04889546859723009,2528312,0.4695844500204089,1,1,58054,0.23479222501020444,106501.52000000048,119718.5,235678.34999999963,4163199579.43,72262.37999999989,329570.3300000001,4
1204642,0.47646097475311594,2528312,0.046191292846768914,1,1,55646,0.023095646423384457,28078.770000000484,80649.95999999996,722136.9000000004,3989860582.0299997,159164.78000000026,226226.31000000052,2
1076113,0.4256250810817652,2528312,0.82068906052734,1,1,883188,0.41034453026367,198052.02999999933,181151.08999999985,664298.8499999996,63324744441.259995,245171.6200000001,655237.0599999996,3
780655,0.3087652947895671,2528312,0.8726533750581416,1,1,681268,0.4363266875290708,205345.83999999985,179684.8799999999,531342.75,48847843653.88,210575.65000000037,642428.9300000006,3
747679,0.29572260069168677,2528312,0.1064904173219128,1,1,79624,0.05324501090055341,34901.68000000063,91215.23000000045,516503.5499999998,5708981999.7699995,106408.53000000026,200518.48000000045,2
320668,0.1268308658108651,2528312,0.4416436737238126,1,1,141626,0.2208216391015033,103127.26999999955,120648.09999999963,324348.5999999996,10154574634.38,93569.72999999952,339573.4199999999,4
315888,0.12494027635829755,2528312,0.06208925164299343,1,1,19614,0.031044428061093726,18856.459999999963,72240.75,322197.60000000056,1406373738.6699998,45264.40000000037,120479.72000000067,2
145932,0.05771914225775933,2528312,0.3644083483367559,1,1,53181,0.18220417416837795,83490.86000000034,108901.45000000019,245717.40000000037,3813916295.21,61963.15000000037,275098.9900000002,4
251727,0.09956326592604077,2528312,0.1001411218235724,1,1,25209,0.0500705609117862,26376.080000000075,82328.58999999985,293325.1500000004,1807536660.1200001,42070.44000000041,134454.8900000006,2
1205023,0.47661166818019296,2528312,0.14219210287337955,1,1,171351,0.07109605143668978,49380.29000000004,102981.84999999963,722308.3499999996,12285812823.800001,172129.28000000026,276068.3099999996,2
485943,0.19220056701862745,2528312,0.6791159477153136,1,1,330024,0.3395577760972538,158181.88999999966,150792.34999999963,398722.3499999996,23663503128.95,145332.4299999997,492869.6899999995,4
940708,0.3720695863485203,2528312,0.9125084245931673,1,1,858437,0.45625421229658364,216479.52000000048,188342.41000000015,603366.6000000006,61548865051.17,238237.1799999997,687807.0800000001,3
564078,0.22310458519359952,2528312,0.3812092811330247,1,1,215040,0.19060464056651236,93212.55000000075,118763.0700000003,433883.10000000056,15418950885.980001,117670.53000000119,338884.3900000006,2
1061489,0.41984098481516524,2528312,0.07612272535984482,1,1,80807,0.03806136267992241,32667.18999999948,89418.29999999981,657718.0499999998,5793831062.940001,144004.29000000004,226478.0599999996,2
729526,0.2885427115007958,2528312,0.5707420603153408,1,1,416387,0.2853710301576704,137631.97000000067,143362.9400000004,508334.7000000011,29855056085.11,164278.25000000093,466047.04000000097,2
149202,0.05901249529330241,2528312,0.4621079202250355,1,1,68950,0.23105376235211478,105211.58999999985,119433.09999999963,247188.89999999944,4944587704.54,74476.01999999955,328685.9399999995,4
1253477,0.4957762333129772,2528312,0.160361142137521,1,1,201017,0.08018076882916349,54107.110000000335,105948.41999999993,744112.6500000004,14412829749.4,181138.9400000004,290142.4000000004,2
742558,0.29369713864428126,2528312,0.7047006065707081,1,1,523301,0.352350501045757,167539.59999999963,159718.75999999978,514199.0999999996,37520146442.26,183453.01999999955,542630.0099999998,3
942033,0.37259365141643913,2528312,0.7159721584994257,1,1,674496,0.3579858814893099,172897.6299999999,165756.3099999996,603962.8499999996,48360916448.59,212499.09999999963,577024.8199999994,3
1071636,0.42385433443340853,2528312,0.817426013878034,1,1,876017,0.408713006939017,197268.22000000067,180661.8700000001,662284.2000000002,62811047464.79,244108.2000000002,652753.7400000002,3
119445,0.047242982669860364,2528312,0.7774610095589468,1,1,92867,0.3887305047794734,174741.83999999985,152684.3700000001,233798.25,6658777076.0199995,109832.33999999985,498809.9000000004,4
1218877,0.48209121342619105,2528312,0.17853730077617003,1,1,217623,0.08926865038808501,57643.45999999996,107499.16999999993,728542.6500000004,15603402185.94,178898.45999999996,293004.5800000001,2
619771,0.24513232544084748,2528312,0.04480499242182136,1,1,27770,0.02240229845050769,19380.519999999553,70827.62999999989,458944.9500000002,1991180631.6200001,81751.59999999963,148109.84999999963,2
595497,0.23553145339657447,2528312,0.9881498011321388,1,1,588463,0.49407509832647234,228309.38999999873,187865.17999999877,448021.64999999944,42193914967.259995,199785.09999999963,681437.1499999994,3
533714,0.21109499144092975,2528312,0.9760476555108705,1,1,520950,0.48802362999503224,224739.919999999,184878.65999999922,420219.2999999989,37353362822.979996,189704.88999999966,665924.0199999996,3
1220191,0.48261092776524417,2528312,0.6507531507187404,1,1,794074,0.3253767731197732,162420.8599999994,164711.70999999996,729133.9500000002,56934741154.6,242680.70999999996,579887.9500000002,2
1093286,0.4324173598827993,2528312,0.22713929293536558,1,1,248338,0.11356984422808578,66622.60000000056,110999.37000000011,672026.7000000002,17805533327.68,168400.63999999966,325760.2599999998,2
924516,0.3656653134581492,2528312,0.5641534747293847,1,1,521589,0.28207673736469235,138969.96999999974,146735.94999999925,596080.1999999993,37398550977.670006,190068.8799999999,489515.4799999995,2
713213,0.2820905805929015,2528312,0.7720245760808001,1,1,550639,0.38601248580080305,182052.8799999999,166615.1200000001,500993.8499999996,39480140918.84999,188154.9299999997,576271.7299999995,3
409368,0.16191356130097867,2528312,0.060503608731833726,1,1,24769,0.030251804365916863,19846.789999999106,73169.82999999914,364263.5999999996,1776032373.1500003,56812.82999999914,131209.11999999918,2
623704,0.24668790877075297,2528312,0.0016370606159366407,1,1,1021,0.0008187280683713086,1942.8300000000745,47712.40000000037,460714.7999999998,38767984.75,76218.51999999955,121535.21999999974,2
27035,0.010692904989574072,2528312,0.6541103313198687,1,1,17685,0.32705536342033736,146053.00999999978,137354.13999999966,126845.74999999953,1006050155.39,82976.23999999976,418567.89999999944,4
113799,0.04500987219931717,2528312,0.09085547986166265,1,1,10340,0.04542793769123431,22340.969999998808,79065.20999999903,231257.54999999888,741452878.6899999,24244.949999999255,113829.17999999877,2
574968,0.22741180677068337,2528312,0.6215059692000038,1,1,357360,0.3107527868395989,146677.7399999993,146464.11999999918,438783.5999999996,25622325247.57,149925.44999999925,472985.69999999925,3
877670,0.3471367457813751,2528312,0.7706912754438534,1,1,676439,0.3853456377219267,184117.6299999999,170483.26999999955,574999.4999999991,48500533815.079994,210748.09999999963,598702.9199999999,3
655313,0.25918992592686346,2528312,0.0985756504735175,1,1,64600,0.04928782523675875,31818.959999999963,88800.46999999974,474938.8499999996,4631882733.820001,93296.24000000022,185259.0599999996,2
576966,0.22820205734102436,2528312,0.13315722110245887,1,1,76830,0.06657880831163243,38368.57999999914,91365.88999999966,439682.69999999925,5508785902.320001,87558.2899999991,188990.77999999933,2
302988,0.11983805796120099,2528312,0.7758322548799357,1,1,235077,0.38791612743996784,177013.3200000003,157004.70999999996,316392.60000000056,16856078727.369999,133249.6200000001,521986.4400000004,4
1206392,0.47715313616357474,2528312,0.3276237268185256,1,1,395258,0.16381206116966576,90536.49000000022,124836.41000000015,722924.4000000004,28339724721.45,197265.67000000086,396760.22000000067,2
25137,0.009942206499830717,2528312,0.40183292251905617,1,1,10101,0.20091665901993108,90058.29999999981,110556.4299999997,121899.64999999944,574675979.42,51834.62999999942,280288.6799999997,4
84663,0.03348597799638652,2528312,0.5136502140558602,1,1,43489,0.2568251070279301,115717.6000000001,123627.40000000037,218146.3500000001,2473922152.93,71254.3200000003,346919.3000000003,4
856421,0.3387323241751809,2528312,0.9525102123472103,1,1,815781,0.47625530393400817,224146.9299999997,190734.6299999999,565437.4500000002,58492597895.28,231622.3700000001,698387.25,3
727640,0.2877967592607242,2528312,0.3427563528551856,1,1,249413,0.17137837418799579,87030.5,117572.8900000006,507486.0,17883023819.77,134439.0100000007,339987.18000000063,2
464383,0.1836731384417746,2528312,0.23289214305829345,1,1,108155,0.11644607152914672,58878.299999999814,100476.95999999903,389020.3499999996,7754647089.67,85713.95999999903,245155.01999999955,2
420102,0.16615908163233017,2528312,0.40903654295830577,1,1,171844,0.20451827147915289,97321.5,119044.64999999944,369093.89999999944,12321491225.399998,102327.29000000004,334859.0800000001,2
1057381,0.41821618534421384,2528312,0.13305952746338268,1,1,140700,0.06652976373169134,45236.26999999955,99425.04999999981,655869.4499999993,10088181812.02,151030.26999999955,252435.3799999999,2
386678,0.1529391942133724,2528312,0.7610682542344458,1,1,294300,0.3805341271172229,174938.1900000004,157434.79000000097,354053.10000000056,21101526730.489998,142467.580000001,525037.4100000011,4
937637,0.3708549419533665,2528312,0.3401115052256209,1,1,318913,0.17005575261281045,89454.5,121235.79000000004,601984.6499999994,22865722322.71,162325.79000000004,367102.01999999955,2
116998,0.046275143257635924,2528312,0.9293678944687206,1,1,108738,0.4646839472343603,208404.76999999955,168855.69999999925,232697.09999999963,7797545647.76,128310.66999999993,583152.5699999994,4
343986,0.13605361996462462,2528312,0.4115995177810334,1,1,141590,0.2057997588905167,96795.75,117833.66999999993,334841.7000000002,10152335250.44,92791.03000000026,326203.9199999999,4
884053,0.34966135508592294,2528312,0.053085616015744894,1,1,46932,0.02654261024746946,25010.209999999963,78075.60000000056,577871.8500000006,3365033822.92,117389.8900000006,187978.3900000006,2
503800,0.1992633820509494,2528312,0.8345896392533833,1,1,420483,0.4172950173870946,192928.16000000015,168423.79000000004,406758.0,30148156222.17,167552.6200000001,582206.1799999997,4
478233,0.18915110160454882,2528312,0.0965782704033363,1,1,46189,0.04828913520166815,28836.89999999944,85667.18999999948,395252.8499999996,3311932567.99,70158.25,161580.19999999925,2
118147,0.046729596663702896,2528312,0.5553776590863786,1,1,65619,0.2776888295431893,125452.8200000003,128775.01999999955,233214.15000000037,4705864474.87,82203.44000000041,375899.9000000004,4
821733,0.3250124984574689,2528312,0.02003312882270859,1,1,16463,0.010016564411354295,16687.290000000037,64955.919999999925,549827.8499999996,1180401787.47,104763.8599999994,158751.51999999955,2
550043,0.21755345068171966,2528312,0.0013238081376032705,1,1,728,0.0006621018292046235,1691.9399999994785,47344.14999999944,427567.3499999996,27660149.55,66696.95999999996,111927.39999999944,2
1099440,0.4348513949227785,2528312,0.4748693990298666,1,1,522111,0.2374346995149333,121673.16999999993,140013.41000000015,674796.0,37435799649.46999,202307.43000000063,464290.3100000005,2
1187707,0.4697628299039043,2528312,0.5734082660684283,1,1,681067,0.2867043307946171,144796.56000000052,153380.1900000004,714516.1500000004,48832737202.770004,227734.63000000082,531787.4800000004,2
1087958,0.4303100250285566,2528312,0.177411253041555,1,1,193023,0.08870582428118048,55515.54000000004,105108.63999999966,669629.0999999996,13839667569.4,161049.8200000003,274837.5099999998,2
212581,0.08408020845528558,2528312,0.12789481677894185,1,1,27189,0.06394740838947092,31976.62999999989,84676.71999999974,275709.44999999925,1949613053.32,40725.73999999929,140425.86999999918,2
513251,0.2030014491882331,2528312,0.1707542423561649,1,1,87643,0.08537712117808245,45796.919999999925,94463.29999999981,411010.9500000002,6284239457.87,84117.19000000041,196034.25999999978,2
936175,0.37027669053502893,2528312,0.5412033799625996,1,1,506681,0.27060188774170274,134044.95999999996,144341.28000000026,601326.75,36329155281.240005,188644.66999999993,478350.4500000002,2
606065,0.2397113172741339,2528312,0.39100514493464417,1,1,236984,0.19550277022772505,95991.43999999948,120667.54000000004,452777.25,16992279810.66,124488.70999999996,349911.9399999995,2
1152098,0.4556787295238879,2528312,0.8278246513879616,1,1,953772,0.4139125234543838,200728.75,183882.36999999918,698492.0999999996,68385034719.49,256871.46999999974,670218.8499999996,3
1075694,0.4254593578640611,2528312,0.7878956394622183,1,1,847567,0.39394781973110915,190773.04000000004,177322.3900000006,664110.3000000007,60769634901.03,240743.05000000075,636624.2800000003,3
430132,0.17012615531627426,2528312,0.29994992706596335,1,1,129023,0.14997516129338467,73265.53000000026,107242.48000000045,373607.4000000004,9251357059.34,89805.50999999978,276806.7400000002,2
709380,0.28057454934359366,2528312,0.8983598543217768,1,1,637303,0.4491799271608884,210026.0499999998,180769.28000000026,499269.0,45694867327.57,204000.26999999955,646838.79,3
1056379,0.4178198734966254,2528312,0.9094395786595958,1,1,960750,0.4547199870902009,217456.81000000052,190974.91000000015,655418.5499999998,68885101177.43,254195.1400000006,702718.2700000005,3
422659,0.16717042833321205,2528312,0.30548721834963405,1,1,129122,0.15274380693522002,74387.17000000086,107712.4600000009,370244.55000000075,9258290891.779999,89541.69000000041,278819.18000000063,2
397256,0.1571230132989916,2528312,0.5372082243014311,1,1,213417,0.26860411215071556,125427.79999999981,132649.4299999997,358813.2000000002,15302233618.91,115567.38999999966,402226.75,4
678069,0.2681903973876642,2528312,0.9642587623679356,1,1,653859,0.4821295789443708,224197.28000000026,187376.9500000002,485179.0499999998,46883124620.7,208176.4299999997,679620.6100000003,3
863591,0.34156820835403223,2528312,0.18925631013893854,1,1,163446,0.09462835282987227,54927.41000000015,102595.83999999985,568663.9500000002,11719354514.72,132549.4299999997,249681.33000000007,2
1068958,0.42279512971500355,2528312,0.6097170760570689,1,1,651787,0.30485873578893746,151146.90000000037,156423.76999999955,661079.0999999996,46733146034.12,216064.24000000022,535325.4299999997,2
1108420,0.4384031717604473,2528312,0.4881948905040201,1,1,541146,0.24409724749160705,124755.65999999922,141748.56999999937,678837.0,38799874565.52,205322.7999999998,472963.9899999993,2
589401,0.23312035856334187,2528312,0.2856625289916751,1,1,168376,0.14283126449583755,72379.87000000011,108589.74000000022,445278.4500000002,12072744084.15,108752.83999999985,290237.0,2
840185,0.3323106483693468,2528312,0.036438936333806904,1,1,30617,0.018219270406500464,20686.679999999702,71265.04000000004,558131.25,2195226928.7900004,109427.16999999993,171536.45999999996,2
715894,0.28315097187372446,2528312,0.03019722249469211,1,1,21619,0.015098611247346055,17521.840000000782,67015.61000000034,502200.30000000075,1550120295.7599998,92347.79000000004,151310.17000000086,2
726202,0.28722800034172996,2528312,0.9940244716633074,1,1,721891,0.4970122358316537,231489.27999999933,192914.39999999944,506838.89999999944,51760862157.840004,218750.68999999948,703295.29,3
1061772,0.41995291720325656,2528312,0.6491671122867747,1,1,689294,0.32458335838298435,159796.91999999993,160847.6799999997,657845.3999999994,49422572655.340004,220318.58000000007,556447.7799999993,2
728659,0.2881997949620142,2528312,0.23011004970905488,1,1,167678,0.11505502485452744,62053.38000000082,104867.30000000075,507944.55000000075,12022646034.31,119954.5700000003,278548.72000000067,2
691437,0.2734777195219577,2528312,0.4052023642651698,1,1,280183,0.2026011821325849,100365.45000000019,123920.37000000011,491194.64999999944,20089386374.239998,137693.41999999993,369290.41000000015,2
182046,0.07200298064479384,2528312,0.31378366277579667,1,1,57125,0.1568920291483013,72773.7100000009,104148.3900000006,261968.7000000002,4096122388.22,60105.700000000186,252234.83000000007,4
1044236,0.4130170643496531,2528312,0.3365075196415632,1,1,351407,0.1682537598207816,90181.45000000019,122828.58000000007,649954.2000000002,25195787529.07,176312.48000000045,379562.5800000001,2
752401,0.2975902499375077,2528312,0.8501110622423182,1,1,639649,0.4250555311211591,199938.91999999993,176412.99000000022,518628.4500000002,45862848974.950005,203711.03000000026,625713.5100000007,3
46784,0.018504045386803527,2528312,0.9970434819753259,1,1,46647,0.49852154322725994,222412.38999999966,174272.99999999953,170540.7999999998,2653600991.51,127006.56999999983,611056.1499999999,4
481410,0.19040767120513608,2528312,0.28754006625764544,1,1,138430,0.1437702308892257,71247.56000000052,106818.65000000037,396682.5,9925468165.05,94874.45000000019,276868.96999999974,2
77494,0.030650489338341153,2528312,0.8901808795749891,1,1,68986,0.44509063754789757,199148.1000000001,163658.2000000002,214920.30000000028,3924342642.56,116960.67000000039,554472.1300000004,4
208601,0.0825060356474992,2528312,0.6860213454668569,1,1,143110,0.34301067273342845,155734.7000000002,145016.73000000045,273918.4500000002,10262130570.369999,109765.26000000071,459578.7999999998,4
155603,0.06154422397235784,2528312,0.7311605529697284,1,1,113775,0.3655802764848642,164988.20999999996,148606.97000000067,250069.35000000056,8158070538.28,108636.3200000003,477739.29000000004,4
797149,0.3152890149633431,2528312,0.37619486835485494,1,1,299895,0.18809743417742747,95442.69999999925,122685.15999999922,538765.0499999989,21502291430.33,148102.49999999907,367795.57999999914,2
986128,0.39003414135597186,2528312,0.8320238957850139,1,1,820514,0.41601194789250695,199276.0100000007,180218.6500000013,623805.6000000006,58831628197.47001,234001.57000000123,648752.7500000009,3
584153,0.23104466537357732,2528312,0.9239199908872007,1,1,539732,0.46195999544360034,213898.5700000003,180401.23000000045,442916.85000000056,38698572224.56,189970.31000000052,643614.3300000001,3
1019165,0.4031009622230168,2528312,0.2298980505570515,1,1,234313,0.11494902527852575,66171.89999999944,110004.34999999963,638672.25,16800159314.5,158758.3599999994,317263.9900000002,2
37709,0.014914694072566993,2528312,0.6908273187802771,1,1,26051,0.34541385715054157,154350.97999999952,141495.5599999996,152021.0499999998,1481997267.3,88487.15999999968,439841.74999999953,4
484634,0.19168283028360425,2528312,0.2491373691221653,1,1,120745,0.12456848680067967,62776.4299999997,102634.21999999974,398133.2999999998,8657531204.039999,90405.20000000019,256566.70999999996,2
189275,0.0748622005511978,2528312,0.396438018725537,1,1,75039,0.1982192071231715,91218.70999999996,113174.83999999985,265221.75,5381202083.24,71284.50999999978,297942.9900000002,4
21923,0.008671002629422319,2528312,0.7917302136761603,1,1,17358,0.39586490907767713,176508.2200000002,151808.6299999999,113149.3500000001,987461159.16,99393.12000000011,494243.7000000002,4
1231871,0.48723061077904944,2528312,0.017370482756874944,1,1,21399,0.008685241378437472,21943.150000000373,70395.95000000019,734389.9500000002,1534327674.97,158801.3099999996,211514.49000000022,2
1124881,0.4449138397476261,2528312,0.852199016577068,1,1,958660,0.42609931052813105,205741.75999999978,186051.4899999993,686244.4499999993,68736514062.93001,256275.7899999991,680115.9199999999,3
511010,0.20211508706203982,2528312,0.2999519046699933,1,1,153284,0.14997595233499664,74425.99000000022,108736.45000000019,410002.5,10990936338.28,100314.66000000015,287518.5200000005,2
697129,0.2757290239495758,2528312,0.4909560212505419,1,1,342273,0.24547801062527094,119468.0700000003,133688.7600000007,493756.05000000075,24540859462.609997,149555.16999999993,417335.61000000034,2
426580,0.16872126541344581,2528312,0.8848765500460386,1,1,377485,0.4424382750230193,202977.83999999985,172018.96999999974,372009.0,27066350608.07,163487.83999999985,599765.7599999998,4
1250720,0.49468578245090006,2528312,0.35096420062080946,1,1,438975,0.17548229807080773,96355.02999999933,128427.45999999996,742872.0,31474423322.87,206499.72999999952,415871.14999999944,2
154689,0.06118271795569534,2528312,0.6750879638272491,1,1,104433,0.3375437841532216,152538.3700000001,142572.8599999994,249658.0499999998,7488799200.37,101569.68999999948,446549.14999999944,4
121616,0.0481016583396353,2528312,0.20092496495685658,1,1,24437,0.1004622847180253,46871.18999999948,90960.1099999994,234775.19999999925,1752343999.8700001,38781.55999999959,158254.7899999991,4
763498,0.3019793443214287,2528312,0.04686526030015283,1,1,35783,0.023432630150076416,21900.790000000037,73868.73999999929,523622.0999999996,2565684506.15,100728.4299999997,168133.45999999996,2
260118,0.10288208100898939,2528312,0.46316514733941067,1,1,120482,0.23158257366970533,107034.7899999991,121775.75999999978,297101.0999999996,8639489297.529999,88522.68999999948,343457.63999999966,4
836945,0.331029160957983,2528312,0.594213451504403,1,1,497343,0.2971065279917985,144382.04000000004,149361.29000000004,556673.25,35658892089.94,181993.16000000015,494048.28000000026,2
1090690,0.43139058787048434,2528312,0.03384036463854145,1,1,36911,0.01692038007967371,23706.510000000708,74272.25,670858.5,2646520649.2499995,142267.73000000045,203063.3900000006,2
790995,0.31285497992336386,2528312,0.27651136410379734,1,1,218728,0.13825587981230164,73238.20000000019,111244.03000000026,535995.75,15682694182.69,134274.5700000003,312252.1299999999,2
664250,0.26272469536987525,2528312,0.5914032761779401,1,1,392855,0.29570163808897004,141280.94999999925,144303.8099999996,478960.5,28168548772.68,158103.58000000007,468530.0999999996,2
1089296,0.4308392318669531,2528312,0.034661070310942635,1,1,37758,0.017330535155471317,23865.989999999292,74552.9299999997,670231.1999999993,2707253873.15,142189.76999999955,203400.25,2
503325,0.19907550966811058,2528312,0.8402724821936534,1,1,422947,0.4201364388572296,194184.18000000063,169043.66000000015,406544.25,30326484803.11,168215.06000000052,585333.96,4
800985,0.3168062327750689,2528312,0.14541994817095358,1,1,116484,0.07271017184587979,44304.080000000075,96524.04000000004,540491.25,8352038213.71,118505.83999999985,223336.39999999944,2
620493,0.2454178914627625,2528312,0.722944399267179,1,1,448599,0.3614720018731865,169832.46999999974,158857.99000000022,459269.8499999996,32164533745.93,169118.75,535840.1600000001,3
73679,0.02914157746354089,2528312,0.9456605830293097,1,1,69678,0.47283009375425183,211399.6299999999,169463.41999999993,213203.5499999998,3963688532.08,123406.70999999996,585052.2400000002,4
529992,0.20962286300108532,2528312,0.3563824401418812,1,1,188887,0.1781912200709406,87214.35000000056,115349.09000000078,418544.4000000004,13543519431.47,110003.10000000056,320742.36000000034,2
879917,0.3480254810324042,2528312,0.16015823996405507,1,1,140931,0.08007911998202753,48702.15000000037,99546.29999999981,576010.6500000004,10104730517.73,130900.61000000034,239845.96999999974,2
1006838,0.39822537724774476,2528312,0.573160274523081,1,1,577102,0.2865801372615405,142148.00999999978,149516.4400000004,633125.1000000006,41378242419.74,202601.78000000026,506097.1500000004,2
284717,0.11261149731520477,2528312,0.7228360265663415,1,1,205812,0.36141821104357374,164992.86000000034,150805.8200000003,308170.6500000004,14757811859.54,124207.30999999959,490042.9000000004,4
869976,0.34409360870019207,2528312,0.5420181528229111,1,1,471561,0.27100927417185855,133275.87000000104,143053.580000001,571537.2000000011,33810970933.77,179676.57000000123,469570.8900000006,2
1187230,0.4695741664794535,2528312,0.9833592531301517,1,1,1167519,0.4916798243254788,235735.98000000045,203043.00000000093,714301.5000000009,83710907872.7,282750.5200000005,763793.7200000007,3
605907,0.2396488249867896,2528312,0.4435935912972766,1,1,268787,0.2217969934090413,107653.66000000015,126538.99000000022,452706.1500000004,19272549158.88,131227.16999999993,378763.1500000004,2
138282,0.05469340809203927,2528312,0.02632349172095849,1,1,3640,0.013161745860479244,8354.929999999702,56511.950000000186,242274.90000000037,261113154.99,19128.08999999985,76170.13999999966,2
1025219,0.4054954451823984,2528312,0.16860102708842897,1,1,172860,0.08430051354421449,52660.80999999959,103007.29999999981,641396.5499999998,12394208272.480001,151438.84999999963,262752.0999999996,2
752295,0.2975483247320742,2528312,0.7786096019795026,1,1,585767,0.3893048009897513,184073.04000000004,168315.91999999993,518580.75,41998740342.83,194397.25999999978,585458.0599999996,3
629415,0.24894672809368465,2528312,0.17244034755204263,1,1,108541,0.0862203715364243,47834.50999999978,96645.1799999997,463284.75,7782283320.29,99437.1099999994,211827.02999999933,2
349846,0.13837137188764678,2528312,0.9284273459921085,1,1,324819,0.46421367299605426,211538.79000000004,174811.02000000048,337478.7000000002,23289416919.61,158661.77000000048,613680.5500000007,4
572717,0.2265214894364303,2528312,0.46215221855530486,1,1,264693,0.23107591151724946,111293.66999999993,127946.09999999963,437770.6500000004,18978421868.12,129189.26999999955,384481.38999999966,2
703336,0.27818402159227185,2528312,0.1731336955249194,1,1,121776,0.0865668477624597,49050.04000000004,97996.6400000006,496549.2000000002,8731602700.47,109225.33999999985,221812.3200000003,2
788785,0.31198087894215587,2528312,0.273557614724765,1,1,215787,0.13677900512278549,72554.75999999978,110868.96999999974,535001.25,15471786091.66,133597.21999999974,310336.1899999995,2
1037919,0.4105185594182996,2528312,0.6701415806277073,1,1,695580,0.33507098807425667,164108.34999999963,162728.16000000015,647111.5499999998,49872867126.53001,219784.36000000034,564851.3700000001,3
1258087,0.49759958422852874,2528312,0.42431155648511737,1,1,533842,0.21215577824255868,112729.72999999952,137239.81999999937,746187.1499999994,38276147821.15,217418.01999999955,457999.1799999997,2
629919,0.2491460705798968,2528312,0.49089115583836174,1,1,309234,0.24544557791918087,118488.74000000022,132312.29000000004,463511.5499999998,22171752773.35,140516.71999999974,408105.7999999998,2
39604,0.01566420599989242,2528312,0.6708831821389132,1,1,26571,0.3354415910694566,149953.93000000017,139425.93000000017,156081.7999999998,1511535843.82,86216.10999999987,429002.81999999983,4
618898,0.24478703577723002,2528312,0.32461223140182066,1,1,200910,0.16230591794050733,81444.30999999959,113488.65999999922,458552.0999999996,14405521023.5,117646.52999999933,315367.1799999997,2
671988,0.2657852353665212,2528312,0.9044164644236945,1,1,607781,0.45220842997225025,210830.45999999996,180488.5100000007,482442.60000000056,43578358073.1,199594.75,644972.4300000006,3
1209951,0.47856079471204505,2528312,0.8295036372093317,1,1,1003698,0.41475181860466587,201929.74000000022,185525.95999999996,724525.9500000002,71964664058.65999,265303.3900000006,679522.2700000005,3
298128,0.11791582684415532,2528312,0.23090465100826163,1,1,68842,0.11545252326453381,56052.390000000596,97301.56000000052,314205.60000000056,4936013360.509999,64235.51000000071,222443.36000000127,2
219403,0.08677845139365711,2528312,0.38488248285812826,1,1,84448,0.19244143918946713,89082.8900000006,112512.70999999996,278779.35000000056,6055263221.599999,73601.0,295491.7400000002,4
997508,0.3945351681279842,2528312,0.7867415097503789,1,1,784811,0.39337075487518947,189393.41000000015,175265.41999999993,628926.6000000006,56270354532.63,229602.3700000001,624789.4100000001,3
410398,0.16232094773113445,2528312,0.1516260651375305,1,1,62229,0.07581303256876525,40074.669999999925,90594.9299999997,364727.0999999996,4461947601.59,68476.33999999985,175038.66999999993,2
1173960,0.46432560538414563,2528312,0.8601568951933147,1,1,1009829,0.43007824983625437,208212.11000000034,188224.0700000003,708330.0,72404051740.56999,264308.10000000056,691722.5499999998,3
11909,0.0047102572783738715,2528312,0.26041762250861444,1,1,3101,0.13020861349390422,58493.58999999985,95335.55999999959,74923.04999999981,176491961.77999997,33344.939999999944,202935.0799999996,4
358235,0.14168939592898344,2528312,0.549266467113236,1,1,196774,0.274633035796215,127542.34999999963,133155.75999999978,341253.75,14109825893.47,111985.88999999966,403683.0099999998,4
454689,0.17983895974863862,2528312,0.1790301197004167,1,1,81406,0.08951505985020836,46793.78000000026,94368.87000000011,384658.0499999998,5837132221.39,77625.09999999963,191867.72999999952,2
1132152,0.4477896715278811,2528312,0.36027634247671964,1,1,407903,0.18013836899876282,96719.83999999985,127266.41000000015,689516.3999999994,29246409555.37,191483.2999999998,404803.7999999998,2
137510,0.05438806602982543,2528312,0.7926846053809815,1,1,109006,0.39634230269049076,178377.88999999966,154757.20999999996,241927.5,7816215914.73,113981.91000000015,509585.1699999999,4
833103,0.3295095700214214,2528312,0.2937287803087594,1,1,244716,0.1468643901543797,77666.3200000003,113975.95000000019,554944.3500000006,17546226881.21,142158.6299999999,327365.79000000004,2
497239,0.19666837004293775,2528312,0.25590987188290054,1,1,127253,0.12795493594145027,64458.29000000004,103608.59999999963,403805.5499999998,9124256493.339998,92904.26999999955,261877.89999999944,2
686749,0.27162351798354,2528312,0.08549261325342758,1,1,58714,0.04274630662671379,29367.919999998994,86759.21999999881,489085.0499999989,4209801177.7599998,95704.89999999944,183054.61999999918,2
316835,0.1253148345615573,2528312,0.07519087834096425,1,1,23824,0.03759543917048212,21775.919999999925,76994.96999999974,322623.75,1708314692.8,47029.30999999959,129020.61999999918,2
741330,0.2932114390945421,2528312,0.8675982236369562,1,1,643202,0.4337993095788811,203657.86000000127,178111.830000001,513646.50000000093,46117275741.450005,204443.73000000045,634008.1100000013,3
911472,0.360506140064992,2528312,0.5831519211236588,1,1,531547,0.2915759605618294,142996.16000000015,148641.04000000004,590210.3999999994,38111737180.75,190773.8599999994,498292.19999999925,2
284220,0.11241492347463446,2528312,0.3920247975724515,1,1,111426,0.19601220102582276,91598.79000000004,114539.26999999955,307947.0,7989762354.42,82683.02999999933,307724.4399999995,4
682893,0.2700983897556947,2528312,0.13874513904929456,1,1,94752,0.06937276728505026,41126.70999999996,93774.9299999997,487349.8499999996,6793858513.91,102089.96999999974,205071.15000000037,2
1044556,0.4131436310075655,2528312,0.41982199981647833,1,1,438545,0.2099108021478362,108669.29000000004,132510.21999999974,650098.2000000002,31443659111.02,187431.3099999996,426057.1200000001,2
996353,0.3940783415970814,2528312,0.27478175161926216,1,1,273790,0.13739087580963108,75804.31000000052,114790.0700000003,628406.8500000006,19631110487.94,161633.83000000007,338883.8700000001,2
1096285,0.43360352677992275,2528312,0.4067243283265673,1,1,445903,0.20336216416328365,106506.40999999922,131999.84999999963,673376.25,31971129737.3,192774.21999999974,425852.8799999999,2
823400,0.32567183164103164,2528312,0.29546590768860803,1,1,243296,0.14773295384430402,77909.3599999994,113994.25999999978,550578.0,17444325585.67,141083.22999999952,327020.78000000026,2
203725,0.0805774761975579,2528312,0.11817963922174161,1,1,24077,0.0590900173712738,29691.820000000298,83481.35000000056,271724.25,1726445854.36,38430.22000000067,135499.2000000002,2
896998,0.35478137191928844,2528312,0.6237109976933226,1,1,559489,0.3118554988466613,151783.02999999933,154103.25999999978,583697.0999999996,40114868847.58,194112.45999999996,518927.51999999955,2
603269,0.23860544110062365,2528312,0.920853518078465,1,1,555544,0.4604265612788295,213490.58000000007,180554.01999999955,451519.0499999998,39832275505.25,192210.41999999993,644566.1799999997,3
389457,0.15403834653318102,2528312,0.8294980999180481,1,1,323066,0.41474904995902406,190159.52000000048,165000.99000000022,355303.6500000004,23163510625.58,151485.0700000003,563651.3600000003,4
250122,0.09892845503244853,2528312,0.9668557519799772,1,1,241841,0.4834276782295856,218632.54000000004,176375.1099999994,292602.89999999944,17340815503.640003,150207.13999999966,621713.3099999996,4
57330,0.02267520780663146,2528312,0.2130112897458858,1,1,12212,0.10650584263334588,48631.529999999795,91120.77000000002,189522.5,694767744.4499999,31583.299999999814,181729.75,4
1097341,0.4340211967510339,2528312,0.34202384832251714,1,1,375331,0.17101212192166157,92169.50999999978,124473.29999999981,673851.4500000002,26911001524.43,184284.49000000022,389872.11000000034,2
1160292,0.4589196270080591,2528312,0.607429383715301,1,1,704823,0.3037148896180535,151951.4400000004,158238.5,702179.4000000004,50535469342.22,228478.6900000004,546985.54,2
187679,0.07423094934485934,2528312,0.31582731878027714,1,1,59276,0.15791365939013857,73309.23000000045,104471.61000000034,264503.5499999998,4250355684.4100003,61057.33999999985,254042.03000000026,4
28071,0.011102664544565701,2528312,0.04681661124101772,1,1,1314,0.023408503380911848,11342.610000000335,62130.360000000335,129479.95000000019,74827620.24999999,8514.75,75596.84000000032,4
1064996,0.4212280762817247,2528312,0.2510109511800759,1,1,267336,0.12550547559003794,71512.72999999952,113275.68999999948,659296.1999999993,19168161610.65,167755.58000000007,335063.8799999999,2
514078,0.20332854489477564,2528312,0.785562066706957,1,1,403856,0.3927810333534785,182200.12000000104,163249.45000000112,411383.10000000056,28957581520.13,162694.13000000082,556158.7000000011,4
770109,0.3045941323697392,2528312,0.384030135521249,1,1,295757,0.1920150677606245,96794.95000000019,123054.00000000093,526597.0500000007,21205999059.55,145491.8200000003,368396.66000000015,2
452382,0.1789264932492509,2528312,0.35600353120975575,1,1,161056,0.17800176560487788,86017.94000000041,113829.76999999955,383619.9000000004,11547824929.220001,99803.44000000041,310189.33999999985,2
50210,0.01985909966807894,2528312,0.8644095348991738,1,1,43404,0.4322045696891839,193037.24999999953,160223.47999999952,176978.49999999953,2469077695.9000006,111035.88999999966,537365.27,4
1183607,0.46814119459940073,2528312,0.34488109062489125,1,1,408219,0.1724407430728486,94041.29000000004,126437.98000000045,712671.1500000004,29269502451.41,196467.81000000052,403258.1900000004,2
619176,0.2448969905612915,2528312,0.3497436234135661,1,1,216561,0.17487161394638004,87024.81000000052,116304.45000000112,458677.2000000011,15527203438.97,120917.05000000075,329110.0600000005,2
892235,0.3528975063204225,2528312,0.4202214758305146,1,1,374951,0.21011093567566028,106574.69999999925,129559.70999999996,581553.75,26883556556.99,166717.08999999985,405129.3799999999,2
93086,0.03681744974512639,2528312,0.861952955173254,1,1,80239,0.430976477586627,193106.81000000052,161048.5700000003,221936.7000000002,5754329152.23,116990.9299999997,542487.1100000003,4
828987,0.32788160638402225,2528312,0.7298197374374682,1,1,605035,0.3649098687187341,174350.33000000007,164636.1099999994,553092.1499999994,43381371453.299995,198637.9299999997,568843.7299999995,3
151667,0.059987454080034426,2528312,0.9975746664177523,1,1,151305,0.49878733320887614,224033.9299999997,177257.89999999944,248298.14999999944,10849241380.359999,141178.25,625832.4100000001,4
419854,0.16606099247244802,2528312,0.25040145361806615,1,1,105136,0.12520052904863008,62126.08999999985,101609.14999999944,368982.2999999998,7538751952.63,82200.54000000004,248715.2999999998,2
585468,0.23156477523343638,2528312,0.9602703305604688,1,1,562229,0.48013536304063736,221983.21999999974,184489.58999999985,443508.5999999996,40312368401.88,194819.44999999925,664291.4799999995,3
43156,0.017069095902720866,2528312,0.0014416733377842607,1,1,62,0.0007206389084891422,382.37999999988824,45470.189999999944,163408.20999999996,2404825.5899999994,3771.4699999997392,49034.84999999963,2
622038,0.24602897110799615,2528312,0.21956506950091603,1,1,136583,0.10978233699005502,58183.10000000056,101791.25999999978,459965.10000000056,9793007929.589998,104539.20000000019,258747.52000000048,2
494514,0.19559057584665185,2528312,0.4892572593888729,1,1,241954,0.24462882745483944,116184.58999999892,129374.07999999914,402579.2999999989,17348376538.710003,122283.9299999997,388847.3699999992,2
312257,0.12350414031179696,2528312,0.9862833384487357,1,1,307986,0.49314166922436786,223831.5700000003,180127.22000000067,320563.6500000004,22083125274.14,160902.88000000082,641033.9000000004,4
773995,0.30613112622176375,2528312,0.969312331705897,1,1,750272,0.4846561658529485,226691.70999999996,190478.41999999993,528345.75,53795622141.28,222233.74000000022,696121.6399999997,3
232157,0.09182292375308111,2528312,0.5023972516050235,1,1,116640,0.25119842804210873,115337.77000000048,125450.37000000011,284518.6500000004,8363849035.66,89871.5700000003,361340.2100000009,4
956976,0.3785039188201456,2528312,0.3782737257110673,1,1,362013,0.18913686285553366,98198.6400000006,125999.3900000006,610687.2000000011,25956547326.15,169986.23000000045,390946.79000000097,2
353590,0.1398522017852227,2528312,0.010001139099921213,1,1,3536,0.005000569549960606,2697.070000000298,49103.669999999925,339163.5,134160640.58,43157.70999999996,91043.54000000004,2
545418,0.21572416695407845,2528312,0.8267966928132288,1,1,450967,0.4133983464066144,191795.3799999999,168602.43999999948,425486.0999999996,32334167561.499996,172216.57999999914,583605.5199999996,3
324278,0.1282586959204402,2528312,0.21460721619800088,1,1,69595,0.10730360809900044,52814.110000000335,95994.09000000078,325973.10000000056,4990437835.369999,65490.360000000335,217100.52000000048,2
569899,0.2254069118051886,2528312,0.805203234410943,1,1,458902,0.4026014194450685,187359.7399999993,166809.75999999885,436502.5499999989,32904220018.83,172793.54999999888,574892.8299999991,3
383619,0.15172929606789035,2528312,0.015350162479947095,1,1,5889,0.007675081239973547,9297.330000000075,56395.25999999978,352676.5499999998,422292096.76,47692.55999999959,99443.70999999996,2
1259922,0.49832536490749557,2528312,0.918161998993795,1,1,1156857,0.4590809994968975,222313.50999999978,197261.3599999994,747012.8999999994,82946559760.45999,284385.8799999999,737209.3099999996,3
260985,0.10322499754777101,2528312,0.2034301937419116,1,1,53094,0.10171529463135878,49425.70999999996,93668.48999999929,297491.25,3807254709.26,56138.449999999255,176658.19999999925,2
37220,0.014721284398444496,2528312,0.5022516999484241,1,1,18695,0.25112565221380906,112508.04000000004,121441.31000000006,150953.0,1063502272.52,65268.60999999987,336100.3999999999,4
124611,0.04928624315353485,2528312,0.09342834270453963,1,1,11643,0.046714171352269816,23069.150000000373,79520.10000000056,236122.9500000002,835029538.03,25840.37000000011,116132.25000000093,2
215981,0.0854249791956056,2528312,0.4235323804973437,1,1,91478,0.21176619024867185,97609.19999999925,116613.65999999922,277239.44999999925,6559461969.46,77992.21999999974,316102.2899999991,4
384043,0.15189699688962438,2528312,0.04192678751673053,1,1,16102,0.020963393758365267,15360.820000000298,66032.29999999981,352867.3499999996,1154653631.1200001,51266.12999999989,116158.09999999963,2
12838,0.0050776961071260195,2528312,0.9642101133088005,1,1,12379,0.48210505665440023,214642.36000000034,169834.4500000002,79357.1000000001,704245122.81,119720.4700000002,589448.3900000001,0
4649,0.0018387762269846443,2528312,0.3142009372261018,1,1,1461,0.1571004686130509,70322.62999999989,100891.68999999994,34348.049999999814,83163569.98,39357.49000000022,231200.72999999998,0
339740,0.1343742386224485,2528312,0.8495691987381304,1,1,288644,0.4247845993690652,193899.65000000037,165946.5100000007,332931.0,20696133167.670002,147381.75,568118.0800000001,4
755124,0.2986672530921817,2528312,0.3475524381484564,1,1,262455,0.1737760213138252,88486.76999999955,118633.95000000019,519853.7999999998,18818120667.52,138735.1200000001,346348.77999999933,2
760612,0.3008378712753806,2528312,0.2776227775685912,1,1,211171,0.1388111910238926,73048.58999999892,110815.63999999966,522323.39999999944,15140945702.640001,130368.70999999903,308811.38999999966,2
1230600,0.4867279038346533,2528312,0.5989672160714342,1,1,737118,0.2994836080357171,151080.2999999998,158843.5499999998,733818.0,52851013294.670006,237159.8099999996,552232.5499999998,2
1114352,0.44074940118149974,2528312,0.9706669904663665,1,1,1081707,0.48533329747278026,231872.7000000002,199625.36000000034,681506.3999999994,77558324441.23001,270614.1200000001,745942.9199999999,3
428878,0.16963017222557975,2528312,0.6806648071915175,1,1,291933,0.3403322058353558,157704.37000000104,149619.06000000052,373043.10000000056,20931347248.309998,137906.43000000063,485964.30000000075,4
1038137,0.4106047829540025,2528312,0.8542932992447134,1,1,886908,0.4271466496223567,204962.6200000001,184104.43999999948,647209.6499999994,63590434048.700005,244281.34999999963,668814.7399999993,3
171464,0.06781757947595075,2528312,0.07605034505235113,1,1,13040,0.038025370286578555,19882.389999999665,74946.43999999948,257206.7999999998,935106120.29,29277.419999998994,111662.23999999929,2
536737,0.21229065083739665,2528312,0.7968553722800035,1,1,427718,0.3984278839004047,185027.63999999966,165060.27999999933,421579.64999999944,30666966128.469997,167204.95999999996,565615.7199999997,3
875816,0.3464034502070947,2528312,0.8425063837058084,1,1,737909,0.4212533896133072,200019.1099999994,178654.32999999914,574165.1999999993,52907651214.850006,219913.27999999933,638927.3499999996,3
439679,0.1739021924509317,2528312,0.6403988115390822,1,1,281581,0.3201994057695411,148929.0499999998,145442.98000000045,377903.5499999998,20190226529.91,134238.6299999999,465052.5600000005,4
1216629,0.48120208265435593,2528312,0.34018981834520423,1,1,413901,0.17009490917260212,93471.78000000026,126510.37000000011,727531.0500000007,29676416788.55,200360.2000000002,405172.9199999999,2
774161,0.3061967826755559,2528312,0.045100446463885786,1,1,34916,0.022550223231942893,21663.16000000108,73394.080000001,528420.4500000002,2503611043.4900002,101895.92000000086,168403.1900000004,2
466145,0.18437004610190513,2528312,0.6823698973860821,1,1,318096,0.34118494869304106,158619.28000000026,150686.91000000015,389813.25,22808238762.769997,143095.4299999997,491985.6799999997,4
315160,0.12465233721154667,2528312,0.9535891931059142,1,1,300545,0.4767947943133601,216618.81000000052,176646.06000000052,321870.0,21549562496.170002,157182.6900000004,623067.4900000002,4
530734,0.20991633943911986,2528312,0.8904268935163066,1,1,472598,0.4452132489977503,205700.48000000045,175296.29000000004,418878.2999999998,33885188716.99,178349.7000000002,617295.8099999996,3
851356,0.33672901129291005,2528312,0.994451238612956,1,1,846665,0.49722581706688096,233379.1200000001,196455.83000000007,563158.2000000002,60706185133.44,236402.4299999997,721447.2800000003,3
714712,0.2826834662810602,2528312,0.1739674533839178,1,1,124341,0.0869837266919589,49399.02999999933,98285.29999999888,501668.39999999944,8915263097.43,110830.46999999974,223650.46999999974,2
811386,0.32092004467803026,2528312,0.07826526156581941,1,1,63506,0.039132828543312695,29553.889999999665,86144.81000000052,545171.7000000002,4553485007.43,111109.35000000056,194695.98000000045,2
902002,0.35676055803239476,2528312,0.20252247349219557,1,1,182683,0.10126123674609779,58418.66000000015,104783.50999999978,585948.8999999994,13098571575.46,139414.83999999985,260308.2999999998,2
179266,0.07090343280417923,2528312,0.6715393511560283,1,1,120389,0.33576947781761113,152104.21999999974,142769.15999999922,260717.69999999925,8632813542.6,104230.26999999955,447750.9899999993,4
616905,0.2439987628109189,2528312,0.16500772056613267,1,1,101798,0.08250405804346932,46007.92000000086,95599.93000000063,457655.25,7298965592.36,96847.51000000071,207151.0,2
171994,0.06802720550311829,2528312,0.4999272241717003,1,1,85988,0.24996361208585016,113927.83000000007,123952.18000000063,257445.30000000075,6165549651.5199995,81993.08000000007,352266.5800000001,4
997314,0.39445843709162476,2528312,0.43678746926803336,1,1,435631,0.21839393239441968,111754.7899999991,133542.09999999963,628839.2999999989,31234582536.81,183219.1799999997,428867.5499999989,2
1108040,0.4382528738541762,2528312,0.04839671686089375,1,1,53628,0.024198358430446876,27184.16000000015,79926.8200000003,678666.0,3845141278.0699997,146526.79000000004,214714.02000000048,2
299208,0.1183429893146099,2528312,0.9890262752381827,1,1,295936,0.4945133353794943,224255.99000000022,180454.16999999993,314691.60000000056,21220324517.649998,159505.4500000002,640802.1299999999,4
1067598,0.4222572214188755,2528312,0.6866866114625094,1,1,733134,0.3433433057312547,168203.9299999997,165348.97999999952,660467.0999999996,52565628306.59,226125.4899999993,578374.8300000001,3
1249044,0.49402288958008345,2528312,0.8168892921443239,1,1,1020370,0.40844484383256496,199691.28000000026,185013.48000000045,742117.8000000007,73159922934.22,269157.10000000056,678014.3100000005,3
345390,0.1366089311762156,2528312,0.5501283069494588,1,1,190016,0.2750641534747294,127548.87999999989,132979.25,335473.5,13624270938.18,110418.58000000007,402450.0700000003,4
316282,0.1250961115558523,2528312,0.8457868332705774,1,1,267518,0.4228932188748857,192724.70999999996,164944.4299999997,322374.9000000004,19182364945.34,143791.63999999966,562830.6500000004,4
268865,0.10634170149886564,2528312,0.15304123858131433,1,1,41149,0.07652061929065716,38361.29000000004,88346.1099999994,301037.25,2950629292.9199996,50814.919999999925,157477.7999999998,2
476643,0.1885222235230462,2528312,0.7177183828578119,1,1,342109,0.35885919142890593,166611.18999999948,154836.6799999997,394537.3499999996,24529072845.23,148997.16000000015,513112.2000000002,4
227718,0.09006720689535153,2528312,0.8837975692873348,1,1,201264,0.4418987846436674,199885.13999999966,166818.3599999994,282521.0999999996,14432031923.48,136893.3099999996,572206.459999999,4
1055001,0.41727484582598984,2528312,0.838830808855869,1,1,885002,0.4194154044279345,201775.18000000063,182733.02000000048,654798.4500000002,63454152093.25001,244608.15000000037,662477.3799999999,3
363976,0.1439600808760944,2528312,0.7267164811937767,1,1,264518,0.36335824059688837,166990.7100000009,153127.81000000052,343837.2000000011,18966198867.27,135115.70000000112,502822.18000000063,4
1015581,0.4016834156543971,2528312,0.5460461367109756,1,1,554576,0.2730232661158908,136256.0599999996,146561.0499999998,637059.4499999993,39762782447.049995,200210.44999999925,492182.3599999994,2
144224,0.057043592721151504,2528312,0.2557401934571366,1,1,36885,0.1278702944889713,59356.76999999955,97227.75,244948.7999999998,2645294956.0699997,48285.75999999978,216310.76999999955,4
842099,0.3330676751919858,2528312,0.40257135986381426,1,1,339018,0.20128567993190713,101940.74999999907,126560.54999999888,558992.5499999989,24308006331.100002,157612.97999999952,388479.12999999896,2
939888,0.3717452592876196,2528312,0.23201290030660773,1,1,218075,0.11600625239290088,65504.919999999925,108839.51000000071,602997.6000000006,15636183916.27,148374.79000000004,307757.5600000005,2
1031787,0.4080932258360519,2528312,0.4505195561307307,1,1,464858,0.22525977806536535,115296.98999999929,135819.6299999999,644352.1499999994,33330146683.51,189761.08999999985,441288.9399999995,2
897564,0.3550052366954711,2528312,0.3689414122940523,1,1,331161,0.18447090390742915,95278.09999999963,123787.12999999896,583951.7999999998,23744629140.84,160703.01999999955,377614.2399999993,2
1052560,0.41630937953860125,2528312,0.21557663769344923,1,1,226916,0.10778812108632163,63476.24000000022,108934.99000000022,653700.0,16269971183.07,161361.5700000003,313919.1900000004,2
378276,0.14961602840155805,2528312,0.4140521422988935,1,1,156632,0.20702587338904377,97832.45000000112,118774.19000000041,350272.2000000011,11230920423.04,97529.67000000086,332060.24000000115,4
328626,0.12997842038482593,2528312,0.4739992532567183,1,1,155775,0.23699962662835916,110420.90000000037,124332.00000000093,327929.7000000011,11169420012.949999,98666.10000000056,358348.830000001,4
159929,0.06325524697901208,2528312,0.016068032742794402,1,1,2570,0.008033818610994213,6259.9000000003725,53161.41000000015,252016.05000000075,184356413.95,20297.709999999963,72392.58000000007,2
746939,0.2954299152952642,2528312,0.2816922911412832,1,1,210415,0.1408461455706416,73757.81999999937,111027.41999999993,516170.5499999998,15086806257.55,129079.63999999966,309230.13999999966,2
1100907,0.435431623945146,2528312,0.010751046548052614,1,1,11836,0.005375523274026307,4781.9900000002235,52202.41000000015,675456.1500000004,448920494.94000006,140299.1400000006,188432.6400000006,2
324834,0.12847860548856313,2528312,0.23281936722999377,1,1,75631,0.11640968361499689,56860.45999999996,97986.11000000034,326223.2999999998,5423064436.94,67849.33999999985,226910.3200000003,2
323210,0.12783627969965733,2528312,0.24064000012656667,1,1,77780,0.12031980230288034,58573.330000000075,98808.6799999997,325492.5,5576912924.5,68626.75,230893.08000000007,2
915006,0.36190391059331284,2528312,0.9537877445505143,1,1,872755,0.4768936745148542,225269.4500000002,192419.66999999993,591800.7000000002,62576897249.97,240049.65000000037,707524.4100000001,3
86417,0.034179721490069266,2528312,0.11144154677112635,1,1,9631,0.055720971145966164,26514.730000000447,80812.04000000004,218935.65000000037,547914004.32,21814.46000000043,116575.61000000034,4
785605,0.31072312277915065,2528312,0.5342362809653239,1,1,419715,0.26711814048266197,130339.20999999996,140406.79000000004,533570.25,30094159575.170002,167153.27000000048,453521.3400000008,2
562319,0.2224088640958869,2528312,0.637863127651967,1,1,358696,0.31893136606558053,150124.0,147995.2000000002,433091.5499999998,25718342937.76,150318.14999999944,480352.16000000015,3
28854,0.011412357335645284,2528312,0.8687602637649151,1,1,25068,0.43437993412205456,193698.59999999963,160142.83000000007,131440.2999999998,1426066110.9900002,109498.40999999968,537712.1999999997,4
143389,0.056713332848161144,2528312,0.8183776369372134,1,1,117351,0.4091888184686067,184161.6200000001,157656.0499999998,244573.0499999998,8415674414.070001,117907.0,524644.71,4
753286,0.2979402858507969,2528312,0.5925222045380475,1,1,446356,0.29626090450862075,142803.3799999999,146332.0700000003,519026.7000000002,32003462680.55,170337.58999999985,481461.98000000045,2
545267,0.215664443312376,2528312,0.9486788022997161,1,1,517303,0.47433940114985806,218832.06999999937,182142.99000000022,425418.14999999944,37090147647.18,187789.72999999952,652115.9699999997,3
596150,0.2357897284828771,2528312,0.06748257335328868,1,1,40231,0.03374108891624135,24076.5,78717.94999999925,448315.5,2884743744.5499997,81616.12999999989,159614.64999999944,2
1011244,0.3999680419188771,2528312,0.34278403931160395,1,1,346652,0.17139182189539898,91104.06000000052,122935.67000000086,635107.8000000007,24855128429.579998,172662.59000000078,378570.6900000004,2
268092,0.10603596391584583,2528312,0.5488662000575878,1,1,147152,0.2744329022683909,126161.41000000015,131220.85000000056,300689.4000000004,10550881602.1,100264.77000000048,391562.11000000034,4
1127857,0.44609090966621207,2528312,0.5077794987327513,1,1,572725,0.2538895516059727,129378.49000000022,144436.2000000002,687583.6500000004,41064196930.170006,210624.34000000078,486621.16000000015,2
390526,0.1544611582747699,2528312,0.9144662525827508,1,1,357137,0.4572331262913754,209026.53000000026,174340.38000000082,355784.7000000011,25608012172.18,162370.56000000052,611417.9200000009,4
283074,0.11196165663098541,2528312,0.26176160220732253,1,1,74101,0.13088099886406424,62681.15999999922,100382.89999999944,307431.2999999998,5313223129.410001,66208.33000000007,237062.33000000007,2
862517,0.3411434190084135,2528312,0.7813616357474868,1,1,673964,0.3906808178737434,186265.74000000022,171331.96999999974,568180.6500000004,48322669400.700005,210037.97999999952,602563.04,3
1117091,0.4418327326690693,2528312,0.12995429361566135,1,1,145176,0.06497694904742769,45404.89999999944,100065.58999999985,682738.9500000002,10409168972.11,158636.24000000022,259182.8799999999,2
686459,0.27150881694980683,2528312,0.47113330949661275,1,1,323426,0.23556665474830638,114918.23000000045,131241.81000000052,488954.55000000075,23190183316.92,145555.74000000022,404922.6500000004,2
862149,0.3409978673518142,2528312,0.3000642325788906,1,1,258710,0.1500321162894453,79488.23999999929,115235.02999999933,568015.0499999989,18549460552.420002,146883.82999999914,334759.3499999996,2
1245522,0.4926298653014343,2528312,0.6872969000661311,1,1,856077,0.34364825227266255,170891.18999999948,169615.31999999937,740532.8999999994,61379548305.2,251168.69999999925,604118.8299999991,3
977247,0.3865215210780948,2528312,0.2381822338382288,1,1,232772,0.1190913146795174,67412.08999999985,110217.55999999959,619809.1500000004,16690032011.65,154213.36000000034,316167.4500000002,2
13729,0.0054301051452510605,2528312,0.17202940143463308,1,1,2362,0.08601470071731654,38912.220000000205,86017.58000000007,83482.04999999981,134422751.35,22656.529999999795,133845.70999999996,4
1011032,0.3998841915080101,2528312,0.8611706150190325,1,1,870705,0.43058530750951624,206101.1799999997,184218.23000000045,635012.4000000004,62430482856.11,241371.1299999999,668822.2400000002,3
921772,0.3645800043665497,2528312,0.950279475001503,1,1,875975,0.4751399352611545,224591.58000000007,192194.81999999937,594845.3999999994,62808588267.56,240547.68999999948,706507.7799999993,3
1261747,0.49904719037840267,2528312,0.19283933312027945,1,1,243324,0.09641966656013973,61430.84999999963,109930.94000000041,747834.1500000004,17446485426.29,186651.24000000022,304795.98000000045,2
305155,0.12069515154775202,2528312,0.9760804837377666,1,1,297867,0.4880402418688833,221467.4400000004,178830.0700000003,317367.75,21359152491.18,158674.3700000001,634336.2700000005,4
675984,0.26736573650720324,2528312,0.636635826591022,1,1,430372,0.318317913295511,151482.4400000004,150483.49000000022,484240.7999999998,30857387411.79,165536.6400000006,495332.8900000006,3
402774,0.1593054971063698,2528312,0.44766231382835664,1,1,180314,0.22383115691417832,105641.48999999929,122943.08999999985,361296.2999999998,12929425010.390001,104961.88999999966,353710.52999999933,4
801431,0.3169826350545344,2528312,0.9920698078401716,1,1,795106,0.4960349039200858,232131.77000000048,194790.95999999996,540691.9500000002,57008329007.11,229050.81000000052,712935.3700000001,3
1155896,0.4571809175449865,2528312,0.27299993038833814,1,1,315572,0.13649976743376607,77696.19999999925,117485.8599999994,700201.1999999993,22626211438.850002,183034.45999999996,359537.0499999998,2
939035,0.37140788004012165,2528312,0.2457473602941409,1,1,230774,0.12287368014707045,68540.56999999937,110405.36999999918,602613.75,16546764043.55,150071.86999999918,315180.21999999974,2
975493,0.38582777758441206,2528312,0.30239305908448005,1,1,294994,0.15119652954224003,81630.08999999985,117596.50999999978,619019.8499999996,21150850337.059998,162466.3099999996,351320.25,2
1242139,0.4912918184148159,2528312,0.11565582095880572,1,1,143666,0.05782791047940286,44027.56999999937,100475.52999999933,739010.5499999998,10300953160.069998,173572.43999999948,270190.16000000015,2
829684,0.32815728438578784,2528312,0.9869280373624774,1,1,818870,0.4934640186812387,231397.6299999999,193955.5700000003,553405.7999999998,58713294822.009995,232360.28000000026,714066.4500000002,3
791187,0.3129309199181114,2528312,0.11318856217112445,1,1,89557,0.05659428108556223,37012.01999999955,92697.39999999944,536082.1499999994,6421188433.33,113004.13999999966,208947.14999999944,2
1231457,0.4870668651653752,2528312,0.5680014966507299,1,1,699497,0.28400055056496193,144224.04000000004,153669.67000000086,734203.6500000004,50153568260.62,233106.66000000015,534966.1100000003,2
1076005,0.4255823648347198,2528312,0.19389023190175897,1,1,208635,0.09694531371128247,58996.84000000078,106820.73000000045,664250.25,14959016408.810001,161632.98000000045,280077.3900000006,2
353664,0.13988147032486498,2528312,0.4038295115476255,1,1,142825,0.2019149535342157,95213.84999999963,117176.74999999907,339196.7999999998,10241211443.109999,93061.18999999948,323238.1099999994,4
444051,0.17563140941466085,2528312,0.6428047646018371,1,1,285449,0.32140258006132155,149524.6900000004,145807.56000000052,379870.9500000002,20466582398.79,135123.49000000022,466977.7599999998,4
1169043,0.4623808295811593,2528312,0.4882648976866779,1,1,570825,0.24413244884333896,125638.09999999963,142990.91000000015,706117.3499999996,40927540539.45,213706.3599999994,481534.64999999944,2
194792,0.07704428883777002,2528312,0.2752417423166128,1,1,53617,0.13762067339790343,64408.03000000026,100237.02000000048,267704.4000000004,3844770173.29,56886.87000000011,233076.91000000015,4
891694,0.3526835295643892,2528312,0.5756678764329719,1,1,513339,0.28783393821648595,141050.61000000034,147362.27000000048,581310.3000000007,36806095620.560005,187069.55000000075,491348.93000000063,2
993346,0.3928890105335101,2528312,0.5174131990039204,1,1,513990,0.2587065995019602,129585.80000000075,142784.90000000037,627053.7000000002,36853219799.090004,193355.4600000009,473097.5700000003,2
178449,0.07058029230569644,2528312,0.49782107587987556,1,1,88839,0.24891073570034078,113553.30999999959,123858.32999999914,260350.04999999888,6370206247.500001,82537.39999999944,351934.6199999992,4
737715,0.29178163138093716,2528312,0.5189755061875275,1,1,382871,0.25948775309376376,126265.05999999959,137684.46999999974,512019.75,27451940349.08,158667.31999999937,438435.16000000015,2
644081,0.25474743623413565,2528312,0.5556197178196361,1,1,357878,0.2778098589098181,133052.70999999996,139857.50999999978,469884.44999999925,25659519516.41,150762.15999999922,445873.20999999996,2
437490,0.17303639740664917,2528312,0.9913115944551147,1,1,433706,0.4956555994671544,226748.0100000007,184558.36000000034,376918.5,31097598906.9,178467.0499999998,661107.8200000003,4
167247,0.06614966823714795,2528312,0.14389758858875012,1,1,24067,0.07194879429437506,34875.25,85635.25,255309.15000000037,1725674640.74,37194.99000000022,141112.61000000034,2
1217934,0.48171823730615526,2528312,0.9979567395163255,1,1,1215493,0.49897836975816273,239412.7999999998,207102.02000000048,728118.2999999998,87150810543.53001,289121.16000000015,776616.25,3
39966,0.015807384531655904,2528312,0.17700703077784705,1,1,7075,0.08850331762852053,40392.96999999974,86996.41000000015,156844.69999999972,402500940.33,25556.040000000037,138112.83000000007,4
373216,0.14761469312331707,2528312,0.7143983812124453,1,1,266635,0.3571991906062226,164391.31999999937,152001.8799999999,347995.19999999925,19117765568.43,134784.82999999914,497211.7399999993,4
226092,0.08942409006483377,2528312,0.41893089144061335,1,1,94721,0.20946544572030668,96731.35000000056,116316.58000000007,281789.4000000004,6791651612.91,78686.13000000082,314890.73000000045,4
738945,0.29226812197228824,2528312,0.634281291233044,1,1,468717,0.317140447856119,151865.4400000004,151671.33000000007,512573.25,33606796757.239998,173811.0599999996,502756.1200000001,3
852153,0.3370442413752733,2528312,0.940291783608985,1,1,801304,0.47014608956489545,221376.6299999999,189228.3700000001,563516.8500000006,57454547678.96,229421.31000000052,690857.3400000008,3
725971,0.2871366350355494,2528312,0.7256810077237303,1,1,526844,0.36284050386186517,171955.5499999998,161694.3200000003,506734.9500000002,37774485484.9,183899.34999999963,552065.6799999997,3
78588,0.03108318910007942,2528312,0.7302884295925502,1,1,57394,0.3651440170358722,163689.01000000024,146662.51000000024,215412.6000000001,3264921381.1,97359.62000000011,465693.1299999999,4
1100494,0.43526827385227773,2528312,0.1323428437629533,1,1,145648,0.06617142188147665,45700.18000000063,100067.56000000052,675270.3000000007,10443079465.2,156726.8200000003,257933.11000000034,2
661823,0.26176476637377033,2528312,0.3328758476010872,1,1,220313,0.1664379238005436,83889.66000000015,115218.8200000003,477868.3499999996,15796324997.69,124392.80999999959,325662.48000000045,2
839636,0.3320935074468657,2528312,0.12785130949028442,1,1,107353,0.06392565474514221,40959.360000000335,95174.44000000041,557884.2000000002,7697174242.19,121320.22000000067,221290.2999999998,2
728989,0.28833031682798643,2528312,0.04975098010055721,1,1,36269,0.024875490050278604,22045.68999999948,74374.99000000022,508093.0499999998,2600587562.7499995,96591.12999999989,165471.51999999955,2
618281,0.24454299943994254,2528312,0.5616862159417034,1,1,347293,0.2808431079708517,134026.2999999998,139994.6299999999,458274.44999999925,24900864793.92,148067.11999999918,445702.81999999937,2
733168,0.28998319827616215,2528312,0.9133508839098972,1,1,669666,0.4566754419549486,213691.50999999978,183073.61999999918,509973.5999999996,48014337470.07,209251.51999999955,658665.2199999997,3
1243933,0.4920013827407377,2528312,0.014766373770325815,1,1,18369,0.007383186885162907,21498.87999999989,69618.1799999997,739817.8499999996,1317097776.34,160029.3799999999,211501.91999999993,2
92811,0.03670868152348286,2528312,0.5220162701438746,1,1,48451,0.2610081350719373,117691.41000000015,124685.98000000045,221812.9500000002,3474159023.0200005,75003.99000000022,354451.5200000005,4
831144,0.32873474476251346,2528312,0.5358053120026326,1,1,445349,0.2679028537617193,131338.54000000097,141531.49000000022,554062.8000000007,31930935193.649998,173557.3200000003,460705.54000000097,2
671281,0.26550560215669583,2528312,0.9495948284863577,1,1,637470,0.47479741424317884,220843.20999999996,185549.6799999997,482124.44999999925,45707431934.079994,205332.91999999993,670374.7199999997,3
1055790,0.41758691174190526,2528312,0.6592145273209952,1,1,696019,0.3296072636604976,161941.9400000004,161876.5700000003,655153.5,49904840597.28,220824.35000000056,561243.9800000004,3
1149618,0.4546978379250662,2528312,0.3138900578726043,1,1,360868,0.15694502893630216,86677.63999999966,122165.56999999937,697376.0999999996,25874502815.359997,187658.74999999907,381361.06999999937,2
1064285,0.42094686098867545,2528312,0.9910746774923348,1,1,1054827,0.4955373387461674,235683.40999999922,202007.5499999998,658976.25,75632015858.05,266188.0599999996,750293.79,3
472609,0.1869266925917371,2528312,0.4281829141340151,1,1,202371,0.21409145706700755,102323.9600000009,122185.92000000086,392722.05000000075,14510640356.03,111625.40000000037,352340.1500000004,2
911975,0.36070508703039816,2528312,0.13977388866563936,1,1,127475,0.06988694433281968,44642.950000000186,97753.73000000045,590436.75,9139985040.93,132491.02000000048,235754.21999999974,2
944118,0.3734183122969001,2528312,0.8218095709706713,1,1,775915,0.41090498324573865,196406.3799999999,177989.7999999998,604901.0999999996,55632189813.6,226751.0399999991,636975.8499999996,3
542872,0.21471717098206233,2528312,0.01975468217530115,1,1,10725,0.009877341087650576,12624.5,60485.609999999404,424340.39999999944,769008626.4699999,68538.3599999994,122391.01999999955,2
37991,0.01502623093985236,2528312,0.9933524818139533,1,1,37740,0.4966760431465737,221467.85000000056,173634.33000000054,152631.9500000002,2146895414.9999998,125684.28000000026,608118.9099999997,4
1056924,0.4180354323358826,2528312,0.09903564117086815,1,1,104677,0.04951762282503109,37681.00999999978,95461.81999999937,655663.7999999998,7505278036.900001,146440.39999999944,238527.89999999944,2
690442,0.27308417632001114,2528312,0.18437044162271113,1,1,127302,0.09218522081135556,51359.97000000067,99038.68000000063,490746.9000000004,9127635837.230001,108985.40000000037,224735.2000000002,2
808001,0.31958120674979984,2528312,0.7131762219219779,1,1,576269,0.35658811096098897,170358.10000000056,162239.52000000048,543648.4500000002,41318865135.130005,193564.02000000048,556553.6900000004,3
97470,0.03855141295852727,2528312,0.007814700084483244,1,1,762,0.003907350042241622,1651.6299999998882,47493.57999999914,223909.49999999907,28934106.76,11771.849999999627,58955.669999999925,2
391637,0.15490058189020975,2528312,0.9411132803229981,1,1,368589,0.47055664016149906,214949.97999999952,177286.59999999963,356284.64999999944,26427969630.109997,165885.64999999944,626526.3099999996,4
794644,0.31429823534437207,2528312,0.44394441825217773,1,1,352791,0.22197220912608887,110438.65000000037,130335.87000000011,537637.8000000007,25295687466.929996,156605.9500000002,404762.05000000075,2
627413,0.24815489544011973,2528312,0.8111063824401419,1,1,508918,0.40555319122007094,189491.66000000015,168894.04000000004,462383.8499999996,36490321742.06999,181416.0499999998,586210.0299999993,3
294085,0.11631673622559241,2528312,0.4480206556785713,1,1,131761,0.22401032783928565,104164.30999999959,120813.29999999981,312386.25,9448114796.42,90964.56999999937,339587.5800000001,4
936593,0.3704420182319271,2528312,0.5638240058980063,1,1,528094,0.2819122007094061,139068.72999999952,146951.8700000001,601514.8499999996,37863857390.37,191683.1200000001,491021.20999999996,2
291972,0.11548100076256411,2528312,0.004877167058495945,1,1,1424,0.002438781289650961,1650.4599999999627,47394.04000000004,311435.39999999944,54050762.57,34727.76999999955,80997.3599999994,2
185151,0.0732310727473508,2528312,0.21678139406845356,1,1,40139,0.10839089479462978,51299.520000000484,93774.52000000048,263365.9500000002,2878034324.8399997,48428.41000000015,200574.02000000048,4
263338,0.10415565800423365,2528312,0.7589656656298748,1,1,199872,0.3794828328149374,172701.23000000045,154205.36000000034,298550.10000000056,14330625044.009998,125941.91000000015,507295.66000000015,4
1096800,0.4338072199950006,2528312,0.11775761852176472,1,1,129162,0.05887880926088236,42409.1799999997,98303.88999999966,673608.0,9260879644.67,154280.66999999993,251474.3799999999,2
569928,0.22541838190856192,2528312,0.1279312046930917,1,1,72914,0.06396560234654584,37110.42000000086,90667.17000000086,436515.60000000056,5228103821.389999,85976.95000000112,185967.9600000009,2
1176582,0.46536266093741596,2528312,0.0833283234031243,1,1,98046,0.04166416170156215,35917.87000000011,93955.80999999959,709509.9000000004,7030039193.46,160390.1799999997,246610.95999999996,2
1099609,0.43491823793898854,2528312,0.5185740525694613,1,1,570251,0.2592868285243277,131369.63000000082,145114.68000000063,674872.0500000007,40887499305.78,208164.3900000006,488663.67000000086,2
1238242,0.48975047383392556,2528312,0.17978121371096606,1,1,222621,0.08989080461588601,58196.48000000045,107981.08000000007,737256.9000000004,15961982220.890001,181693.3200000003,296151.4400000004,2
440302,0.17414860191305503,2528312,0.39504222580124604,1,1,173945,0.19752111290062302,94504.96999999974,117897.12999999989,378183.89999999944,12471746594.71,103184.43999999948,329885.0800000001,2
861189,0.34061816737807676,2528312,0.7257498283439702,1,1,625032,0.3628749141719851,173907.70999999996,164944.45999999996,567583.0499999998,44815734725.590004,202562.51999999955,571095.6499999994,3
919221,0.3635710307905037,2528312,0.6663912523454384,1,1,612585,0.3331954284123162,161573.81000000052,159518.1900000004,593697.4500000002,43923073414.73,202801.9400000004,545962.71,3
872264,0.34499856030426623,2528312,0.8251473710523068,1,1,719774,0.4125736855261534,196116.47999999952,176580.6099999994,572566.7999999998,51607000102.23,217136.09999999963,628629.669999999,3
516648,0.2043450333661352,2528312,0.7400585845417812,1,1,382365,0.3700294900312936,172139.64999999944,158269.2999999998,412539.5999999996,27416487190.61,157230.2000000002,531067.5199999996,4
372560,0.14735523147459648,2528312,0.16907525653479474,1,1,62993,0.08453782602780037,43404.48000000045,91860.1400000006,347700.0,4516591551.07,65870.04000000004,177174.35000000056,2
623255,0.24651031992886954,2528312,0.758154847977623,1,1,472542,0.3790774239888115,177685.6200000001,162864.02000000048,460512.75,33880872067.48,174029.3700000001,555931.8399999999,3
827199,0.3271744151829363,2528312,0.1943197674970494,1,1,160747,0.09715968598812172,55524.24999999907,102538.40999999922,552287.5499999989,11525473585.42,128364.67999999877,246930.0599999996,2
1043852,0.41286518436015807,2528312,0.9060752786839599,1,1,945845,0.45303744158157694,216534.2000000002,190262.88999999966,649781.3999999994,67817352030.619995,251974.08999999985,699006.0099999998,3
554240,0.21921345150440294,2528312,0.6275653479475635,1,1,347835,0.31378247621337874,147724.11000000034,146664.73000000045,429456.0,24940145439.670002,147912.88000000082,473521.0900000008,3
269897,0.10674987897063337,2528312,0.44088585585956164,1,1,118998,0.22044273016937782,102231.61999999918,119557.47999999952,301501.64999999944,8532714937.410001,86978.1099999994,332536.2299999995,4
128642,0.05088058752242603,2528312,0.036009400738516446,1,1,4633,0.018004898129661214,10385.360000000335,59844.74000000022,237936.90000000037,332230937.39,19206.990000000224,81098.87000000011,2
501048,0.19817490879290214,2528312,0.649297634152747,1,1,325342,0.3246490148367765,151781.89999999944,147846.66999999993,405519.5999999996,23326889839.850002,143552.72999999952,478337.63999999966,4
947164,0.3746230686719044,2528312,0.44600429060970326,1,1,422456,0.22300214530485163,113080.97999999952,133609.56999999937,606271.7999999998,30289751147.25,177587.1099999994,427000.6799999997,2
1073560,0.4246153164641073,2528312,0.5568541382550888,1,1,597840,0.2784268713671414,139487.56000000052,149032.68000000063,663150.0,42865145209.170006,209663.5,506376.8200000003,2
277554,0.10977838178199525,2528312,0.22760719404883575,1,1,63176,0.11380359702441788,55025.729999999516,96579.54000000004,304947.2999999998,4530079919.97,61236.78000000026,218044.6099999994,2
648780,0.25660598850141914,2528312,0.2553541651505036,1,1,165675,0.12767728033565479,66510.0,106279.53000000026,471999.0,11879082783.12,112669.62999999989,281789.46999999974,2
1244588,0.4922604488686523,2528312,0.8364916988093242,1,1,1041128,0.4182458494046621,203977.74000000022,187218.29000000004,740112.6000000006,74648468242.55,271170.6400000006,688504.1699999999,3
219103,0.08665979515186417,2528312,0.6665577666047545,1,1,146050,0.33327888330237726,151568.6200000001,143163.52000000048,278644.35000000056,10471999487.6,108684.62999999989,450163.3900000006,4
493086,0.19502577213571742,2528312,0.35653906638104793,1,1,175811,0.17826953319052397,86722.33999999985,114664.87999999989,401936.7000000002,12606216834.09,105187.03000000026,315899.13999999966,2
871346,0.34463547220437984,2528312,0.760021310661026,1,1,662267,0.380010853090916,181657.17000000086,169108.7100000009,572153.7000000002,47484542408.950005,208465.4400000004,591803.1200000001,3
1118706,0.44247149877072134,2528312,0.8105609592487003,1,1,906815,0.40528067738475315,196416.00999999978,181028.24000000022,683465.7000000002,65017524008.25,249833.11000000034,655621.4100000001,3
381032,0.1507060837428292,2528312,0.5089008002176947,1,1,193915,0.25445040010884734,118912.96999999974,129212.94000000041,351512.4000000004,13903992581.55,109864.79000000004,384467.28000000026,4
516086,0.20412275067317642,2528312,0.07245703853005483,1,1,37396,0.03622851926502742,24029.96999999974,79232.28000000026,412286.7000000002,2681274891.2100005,71935.16000000015,152506.7999999998,2
992545,0.39257219836792295,2528312,0.5897816408734365,1,1,585408,0.29489082043671827,145631.9400000004,151135.2000000002,626693.25,41973389781.62,202829.11000000034,513381.61000000034,2
999798,0.39544091077367033,2528312,0.7915743784786055,1,1,791445,0.3957873869997057,190501.33999999985,175881.94999999925,629957.0999999996,56747155193.58,230567.59999999963,627847.4799999995,3
470989,0.1862859488860552,2528312,0.4577192213619205,1,1,215589,0.22885941292055728,108851.99000000022,125413.47999999952,391993.0499999998,15457834086.179998,115167.63999999966,368333.9500000002,2
260147,0.10289355111236272,2528312,0.3504812697167122,1,1,91180,0.1752406348583561,82036.21999999974,109575.59999999963,297114.1500000004,6538173584.95,74428.99000000022,282033.21999999974,4
1018777,0.4029475001502979,2528312,0.9809244270485604,1,1,999382,0.4904624112846832,232779.4400000004,198288.41999999993,638497.6500000004,71655806117.95001,258352.86000000034,737914.6500000004,3
1071499,0.42380014808298977,2528312,0.9364845003306554,1,1,1003481,0.4682420524049247,223675.15999999922,194514.54999999888,662222.5499999989,71949832700.63,259945.07999999914,720274.6199999992,3
410549,0.1623806713728369,2528312,0.5500618594540547,1,1,225836,0.27503092972702736,128466.88999999966,134337.68999999948,364795.0499999989,16192797423.800001,118935.95999999903,411099.49999999907,4
169188,0.06691737412154829,2528312,0.941989358908236,1,1,159379,0.470994877214521,211956.3700000001,171569.9400000004,256182.60000000056,11428926629.18,136540.0700000003,597009.0800000001,4
1246360,0.4929613117368426,2528312,0.9859071981622521,1,1,1228843,0.4929534013207231,237148.11000000034,204912.41000000015,740910.0,88106599727.17,291585.85000000056,773885.4500000002,3
349814,0.13835871522185553,2528312,0.7522208493255579,1,1,263148,0.376110226902376,172446.54999999888,155573.33999999892,337464.2999999989,18867954138.47,136456.62999999896,515123.3499999996,4
720392,0.2849300244590066,2528312,0.7744514917462718,1,1,557930,0.3872259436335389,182693.47000000067,167066.6200000001,504224.4000000004,40004725428.850006,189458.61000000034,578645.0800000001,3
90792,0.035910125016216356,2528312,0.08745874717993665,1,1,7941,0.04372957135037132,21257.390000000596,78327.59000000078,220904.40000000037,569418082.61,21136.050000000745,109774.11000000034,4
1218196,0.4818218637573211,2528312,0.6137719553599398,1,1,747724,0.3068861754403729,154187.64999999944,160305.47999999952,728236.1999999993,53610960949.58,237420.20999999996,558785.1599999992,2
1053619,0.41672823607213033,2528312,0.6268625074753432,1,1,660500,0.3134312537376716,154732.76999999955,158066.0700000003,654176.5499999998,47357659955.950005,216216.43999999948,542770.8300000001,2
705107,0.27888448893965617,2528312,0.4989463325728787,1,1,351824,0.24947316628643934,121355.99000000022,134752.72000000067,497346.1500000004,25225995252.600002,151666.20999999996,422852.35000000056,2
63484,0.025109242846610702,2528312,0.4473913820762627,1,1,28403,0.2236954932777284,100714.33999999985,116145.07999999961,199571.7999999998,1615783171.3799999,61017.83999999985,308643.96999999974,4
970937,0.3840257847923832,2528312,0.004755742171061166,1,1,4618,0.002377871085530583,3412.160000000149,49937.55999999959,616969.6499999994,175164327.45,122114.0,168345.8099999996,2
305187,0.12070780821354327,2528312,0.6491406123927743,1,1,198117,0.32457030619638716,148940.8799999999,143284.15999999922,317382.14999999944,14206069579.03,117635.58999999985,451859.9299999997,4
232588,0.09199339322045696,2528312,0.15243174101930457,1,1,35455,0.07621606827005528,37705.919999999925,87661.86000000034,284712.60000000056,2542217971.64,46243.62999999989,152646.23000000045,2
1169362,0.4625070007182658,2528312,0.4588183736817292,1,1,536546,0.2294091868408646,119111.45000000019,139540.6900000004,706260.9000000004,38469911109.28001,209801.6299999999,465149.96999999974,2
873035,0.3453035068456741,2528312,0.021052385939709973,1,1,18380,0.010526390730257974,17662.30999999959,66135.38999999966,572913.75,1317916349.09,111650.98999999929,166132.52999999933,2
963275,0.3809953043769915,2528312,0.18713631861890462,1,1,180271,0.0935683570698553,55886.5700000003,104080.91000000015,613521.75,12925588806.990002,145589.08999999985,262119.08000000007,2
878091,0.3473032600406912,2528312,0.9856924303646069,1,1,865561,0.4928462151823034,231819.14999999944,195101.46999999974,575188.9500000002,62061884663.32,239031.04000000004,720316.46,3
353658,0.1398790972000291,2528312,0.5623328924594749,1,1,198881,0.28116624846933447,130376.62999999989,134486.6200000001,339194.0999999996,14260678214.76,113036.45999999996,410285.0499999998,4
788399,0.3118282079110489,2528312,0.15919277367666648,1,1,125512,0.07959618907793026,47177.82999999914,97874.40999999922,534827.5499999989,8999297590.69,118636.5399999991,227308.37999999896,2
1159082,0.4584410468328276,2528312,0.2792942484946478,1,1,323737,0.1396473220077269,79136.12000000011,118282.38999999966,701634.9000000004,23211919389.19,184310.8200000003,363454.83999999985,2
36484,0.014430181085245809,2528312,0.5859098877037328,1,1,21377,0.2929551416122694,131057.14000000013,130295.29999999981,149333.7999999998,1216103307.91,75480.5,381895.7999999998,4
932673,0.3688915766724993,2528312,0.4091322589933521,1,1,381601,0.20456612949667605,104694.24000000022,129079.37999999989,599750.8500000006,27360450511.94,170751.95999999996,404600.48000000045,2
1117991,0.44218870139444816,2528312,0.5429401118216423,1,1,607026,0.27147005591082113,137035.71999999974,148341.4299999997,683143.9500000002,43523295624.560005,213958.52999999933,504865.4799999995,2
211460,0.08363682963178595,2528312,0.196209961428811,1,1,41492,0.0981049807144055,47113.04000000004,92022.5700000003,275205.0,2975477673.07,49099.04000000004,167488.7999999998,2
578130,0.228662443559181,2528312,0.278265498878303,1,1,160880,0.1391327494391515,70576.24000000115,107558.74000000115,440206.50000000093,11535280296.73,106322.7100000009,284721.17000000086,2
64328,0.02544306240685485,2528312,0.19663435525362377,1,1,12650,0.09831697986640889,45095.94999999972,89501.80999999959,200899.59999999963,719636265.5300001,30221.30999999959,148200.63999999966,4
1221852,0.48326788782397107,2528312,0.6815796468157411,1,1,832822,0.34078982340787056,169282.1799999997,168383.72999999952,729881.3999999994,59713399941.96999,247066.97999999952,597501.9699999997,3
1079002,0.42676774069023127,2528312,0.37557904245994955,1,1,405266,0.1877893234695718,99347.93999999948,128034.3599999994,665598.8999999994,29057746608.3,186254.75,406071.3599999994,2
1146594,0.45350178300779337,2528312,0.7277606561215546,1,1,834478,0.3638803280607773,178452.1400000006,172023.5,696015.3000000007,59832196118.93,242689.04000000004,612801.3500000006,3
129541,0.05123616072699888,2528312,0.713646496160284,1,1,92450,0.35682305031973904,160729.75,146107.88999999966,238341.4500000002,6630354304.14,103196.70000000019,464690.5800000001,4
1079974,0.42715218691364043,2528312,0.3847120133907524,1,1,415495,0.1923560066953762,101390.97999999952,129116.9299999997,666036.2999999998,29790479474.82,187605.38999999966,411307.7599999998,2
323197,0.12783113792917963,2528312,0.8575559503732134,1,1,277170,0.4287777774262037,195433.92999999877,166399.4699999988,325486.64999999944,19873353176.300003,146186.37999999896,570346.6399999987,4
508215,0.20100960640933555,2528312,0.660714342217258,1,1,335798,0.330357171108629,154418.1099999994,149277.8799999999,408744.75,24076589280.58,145969.45999999996,485668.7399999993,4
540532,0.21379165229607738,2528312,0.2917579001325786,1,1,157711,0.14587914782669228,73032.08999999985,108372.45999999996,423287.4000000004,11308288046.7,103125.9299999997,287012.5800000001,2
814872,0.32229883020766426,2528312,0.34246129433392714,1,1,279073,0.17123044940656057,88215.13999999966,119187.27999999933,546740.3999999994,20009496043.33,146082.20999999996,351725.66000000015,2
1136442,0.44948645578552016,2528312,0.8868126243912935,1,1,1007850,0.44340650995604974,213584.8200000003,190393.1200000001,691446.9000000004,72261824089.61,262545.3400000008,701436.3500000006,3
180526,0.07140178901970959,2528312,0.07330582617968036,1,1,13234,0.03665291308984018,19401.390000000596,74103.73000000045,261284.70000000112,948974955.32,30027.66000000108,111028.8200000003,2
429689,0.1699509395992267,2528312,0.4360067111970358,1,1,187355,0.2180031578381149,103439.66000000015,122196.06999999937,373408.0499999998,13433434686.689999,106994.81999999937,350894.2599999998,2
905850,0.35828252209379224,2528312,0.35307074443344016,1,1,319842,0.1765351744563171,91874.23999999929,122123.44999999925,587680.5,22932487850.8,159734.25999999978,369999.1099999994,2
1212930,0.47973905119304894,2528312,0.9630721999500061,1,1,1168184,0.48153629773540607,231605.45000000112,201337.00000000093,725866.5000000009,83759607594.34999,283709.50000000093,755973.790000001,3
903534,0.3573664959071507,2528312,0.5533901670363468,1,1,500026,0.2766952812785764,136282.96999999974,145059.48000000045,586638.2999999998,35852414059.98,185771.29000000004,480585.0499999998,2
23724,0.009383335600985955,2528312,0.18019255534918158,1,1,4275,0.09009647543499379,40868.51000000024,87054.17000000039,118111.80000000028,243253012.0,24507.80000000028,137940.76000000024,4
630597,0.24941423368634882,2528312,0.03506094184578486,1,1,22110,0.01753027316248944,17377.17999999877,67444.06999999937,463816.64999999944,1585334472.6699998,81900.5399999991,143311.36999999918,2
940118,0.37183622907299413,2528312,0.4729269963517161,1,1,444624,0.23646369593626104,118953.88999999966,136567.69999999925,603101.0999999996,31879580204.579998,180178.70999999903,440943.4399999995,2
622699,0.24629041036074661,2528312,0.004179072835947462,1,1,2602,0.002089536417973731,2396.879999998957,48447.48999999929,460262.5499999989,98737545.2,76496.74999999907,122553.39999999944,2
654807,0.25898979239903935,2528312,0.5934168726011663,1,1,388589,0.29670863406098613,141589.61000000034,145143.8900000006,474711.1500000004,27861663028.63,157083.41999999993,468342.16000000015,2
239186,0.09460303949828977,2528312,0.7162157993159072,1,1,171315,0.35810770189755065,162870.10000000056,148999.96999999974,287681.7000000002,12284075926.460001,117462.75,480336.6299999999,4
473900,0.18743730995225272,2528312,0.6709935324437807,1,1,317996,0.33549656846148734,156206.2999999998,149611.13999999966,393303.0,22800340603.42,142685.54000000004,486703.71999999974,4
74519,0.029473814940561133,2528312,0.8418719683330221,1,1,62738,0.42093618192691407,188385.66999999993,158440.08000000007,213581.55000000028,3568900063.39,110701.45000000019,527254.7900000005,4
780259,0.3086086685504004,2528312,0.9684635440562716,1,1,755682,0.4842317720281358,226593.8900000006,190545.02000000048,531164.5500000007,54181766829.380005,223002.40000000037,696528.8300000001,3
364325,0.1440981176373802,2528312,0.45261858504804786,1,1,164907,0.22630909476362093,106189.8200000003,122717.47000000067,343994.25,11823957286.24,100589.33000000007,351335.4500000002,4
795346,0.3145758909501675,2528312,0.707509595334753,1,1,562737,0.3537545999069735,168919.84000000078,161293.84000000078,537953.7000000002,40348850374.64001,191080.38000000082,551598.8900000006,3
418055,0.16534945054249633,2528312,0.03639107831628375,1,1,15214,0.018195539158141875,14623.97000000067,64564.419999999925,368172.75,1090929669.0300002,54860.31000000052,116942.16999999993,2
128394,0.050782498362543865,2528312,0.4525782419258383,1,1,58111,0.2262893187233221,102798.44000000041,117995.5,237825.30000000075,4167302365.77,70741.77000000048,320875.5900000008,4
1167438,0.46174601868756704,2528312,0.9002271080467917,1,1,1051000,0.4501137517837988,217006.83999999985,192761.5499999998,705395.1000000006,75356486023.82,268756.5200000005,713554.1299999999,3
1147350,0.45380079673711154,2528312,0.6391489657921965,1,1,733356,0.31957448289609824,158803.0599999996,161659.58999999985,696355.5,52581022175.18,230922.44999999925,562971.1099999994,2
506378,0.20028303468875677,2528312,0.9762030951876193,1,1,494347,0.48810154759380964,224380.93000000063,184172.86000000034,407918.10000000056,35446350687.630005,185966.54000000097,662189.0200000005,3
1155357,0.4569677318305652,2528312,0.1226680093279627,1,1,141731,0.06133420242438433,44336.68000000063,99854.36000000034,699958.6500000004,10162049822.25,162807.4500000002,261351.79000000004,2
818412,0.32369897386082097,2528312,0.5790938776543402,1,1,473956,0.2895469388271701,140760.62999999896,146197.89999999944,548333.3999999994,33982907234.649998,177478.77999999933,483036.8399999989,2
592294,0.23426460025503182,2528312,0.3550309455478596,1,1,210291,0.17751527501352682,87808.5700000003,116384.05000000075,446580.30000000075,15078084560.57,118039.40000000037,328369.93000000063,2
692178,0.2737708004391863,2528312,0.9642112998712185,1,1,667432,0.4821058476960122,224385.72000000067,187741.72000000067,491528.10000000056,47854612821.03001,210131.67000000086,681590.3200000003,3
856659,0.3388264581270033,2528312,0.21729596663702896,1,1,186156,0.10864798331851448,61044.18000000063,105677.11000000034,565544.5500000007,13347437882.97,135297.11000000034,288565.29000000004,2
199147,0.07876678194779758,2528312,0.774144567600834,1,1,154175,0.38707248156082,175149.96999999974,154281.15000000037,269664.1500000004,11054399457.0,119526.79999999981,507278.0700000003,4
1093403,0.4324636358170985,2528312,0.41514061555694076,1,1,453934,0.20757011001806738,108333.08000000007,132925.33999999985,672079.3500000006,32546797749.489998,193502.16999999993,430172.97000000067,2
136552,0.05400915709769997,2528312,0.9211315692050664,1,1,125787,0.4605657846025332,206860.5,168483.64999999944,241496.39999999944,9020904258.509998,129772.36000000034,581078.2400000002,4
454447,0.17974324371359232,2528312,0.7408116561563605,1,1,336673,0.37040602583858323,171415.38999999966,156851.1799999997,384549.1500000004,24139430753.88,148955.71999999974,522961.1799999997,4
383517,0.15168895294568074,2528312,0.030892943592404735,1,1,11848,0.015446669556605355,12909.019999999553,62027.37000000011,352630.6500000004,849641704.68,49808.43999999948,109122.3200000003,2
97099,0.038404674739509995,2528312,0.3060532086229864,1,1,29719,0.1530266043114932,69841.42999999877,101741.45999999903,223742.54999999888,2130894891.73,48858.02999999933,237557.49999999907,4
1030988,0.4077772047120767,2528312,0.8120251772724253,1,1,837221,0.40601239087580965,195483.60000000056,179021.98000000045,643992.6000000006,60027687064.98,237658.3799999999,643866.8799999999,3
1126132,0.44540863627590266,2528312,0.7951862744787827,1,1,895519,0.3975933349997943,193112.4299999997,179416.50999999978,686807.4000000004,64208657247.98,248826.74000000022,647987.7700000005,3
462207,0.18281248516796977,2528312,0.5494887498061948,1,1,253987,0.2747445726635004,129082.11000000034,135358.81000000052,388041.1500000004,18211642851.550003,125677.90000000037,417727.9400000004,4
192226,0.07602938244963438,2528312,0.4326657469489525,1,1,83173,0.21633287347447624,99295.37000000104,117130.18000000063,266549.7000000011,5964176661.11,76155.17000000086,318057.7700000005,4
425453,0.16827551346511033,2528312,0.8423232575726414,1,1,358383,0.4211616287863207,193519.04000000004,167311.47000000067,371501.85000000056,25695835278.92,157939.22000000067,575754.3000000007,4
1145204,0.45295200908748606,2528312,0.1328593939355586,1,1,152157,0.0664296969677793,46452.65000000037,100878.62999999989,695389.7999999998,10909764648.53,162808.08000000007,264159.8799999999,2
715108,0.28284009252022696,2528312,0.9650513860631125,1,1,690143,0.48252589079195923,224903.50999999978,188442.03000000026,501846.60000000056,49484531692.02,213442.70999999996,685322.5899999999,3
616699,0.24391728552488776,2528312,0.01680172383788077,1,1,10362,0.008400861918940385,12985.769999999553,60566.90999999922,457562.5499999989,743021442.8899999,77612.83999999892,130055.00999999885,2
941310,0.3723076898737181,2528312,0.4764578105866681,1,1,448512,0.23822890529333404,119755.34999999963,136998.6299999999,603637.5,32158329501.73,180807.98000000045,443070.0499999998,2
205947,0.08145632342843763,2528312,0.6124865127405162,1,1,126145,0.3062430586098551,139381.1799999997,137029.83000000007,272724.1500000004,9044887672.99,100265.48000000045,418548.76999999955,4
773358,0.30587917946835674,2528312,0.7133973180525188,1,1,551733,0.3566988567866624,169909.90000000037,161437.9299999997,528059.0999999996,39559607394.6,188818.46999999974,551815.29,3
848933,0.33577066438002906,2528312,0.6233922079237056,1,1,529239,0.3116961039618528,151027.71999999974,152964.34999999963,562067.8499999996,37946948194.369995,187461.43999999948,512014.58999999985,2
337894,0.13364410721461592,2528312,0.3892945174487959,1,1,131545,0.19464725872439795,91759.97000000067,115281.45000000019,332100.30000000075,9431827715.41,89198.51000000071,313232.16000000015,4
98817,0.039084179484177584,2528312,0.3706809127987369,1,1,36631,0.18534025863896544,84203.09999999963,108669.50999999978,224515.65000000037,2627387700.36,57042.21999999974,272684.71999999974,4
248711,0.09837037517521571,2528312,0.10917600359449309,1,1,27154,0.05458819955764953,28342.22000000067,83258.27000000048,291967.9500000002,1947185638.49,42832.75000000093,137608.8900000006,2
594208,0.2350216270776708,2528312,0.1705256313303105,1,1,101332,0.08526281566515526,46906.110000000335,95826.54999999981,447441.60000000056,7265525194.15,94596.61000000034,206447.11000000034,2
550852,0.21787342701375464,2528312,0.17125497169653112,1,1,94340,0.08562748584826556,46443.53000000026,95163.08999999985,427931.39999999944,6764239762.77,89048.66999999993,201106.6200000001,2
938218,0.37108473954163884,2528312,0.10986618740092204,1,1,103082,0.05493309370046102,38383.4299999997,94755.00999999978,602246.0999999996,7391090138.780001,132042.9299999997,227074.47999999952,2
134482,0.05319042902932866,2528312,0.6226351811010666,1,1,83736,0.3113175905505333,140608.96999999974,136483.15000000037,240564.90000000037,6003881287.38,92541.45000000019,414986.2599999998,4
365438,0.14453833229443203,2528312,0.5808424751375622,1,1,212270,0.2904214353291841,134650.96999999974,136757.66000000015,344495.10000000056,15220645702.9,116910.20999999996,422075.4500000002,4
956740,0.37841057590993515,2528312,0.840110318663203,1,1,803798,0.4200549615711985,200648.1200000001,180414.11000000034,610581.0,57631456117.91999,230938.18000000063,649122.7000000002,3
831964,0.3290590718234142,2528312,0.8907986830739244,1,1,741141,0.4453991437765592,210103.34999999963,183057.6099999994,554431.7999999998,53139290224.26,220104.69999999925,659967.7999999998,3
1029597,0.4072270352709634,2528312,0.8962066390540407,1,1,922767,0.44810331952702037,214137.59999999963,188748.94999999925,643366.6499999994,66161620433.13,248641.19999999925,691345.6499999994,3
26705,0.010562383123601833,2528312,0.119787431298036,1,1,3199,0.059893715649018,27508.869999999646,80705.55999999959,125997.24999999953,182044549.38,17351.149999999907,114345.26999999955,4
168310,0.06657010685390094,2528312,0.14649497372159764,1,1,24658,0.07324728910039584,35465.700000000186,85933.23000000045,255787.5,1768273659.9499998,37646.62000000011,142274.09999999963,2
297496,0.11766585769477818,2528312,0.776667990342964,1,1,231065,0.388334192931885,177118.1799999997,156961.54000000004,313921.19999999925,16568749878.65,132630.91999999993,521717.51999999955,4
1045783,0.41362893503649867,2528312,0.2858187597100358,1,1,298916,0.1429095776154209,78959.70999999903,116971.50999999978,650650.3499999996,21432163385.93,169784.38999999966,351669.02999999933,2
352046,0.13924151766079504,2528312,0.1967751606605514,1,1,69277,0.0983873825698727,49252.88000000082,94533.48000000045,338468.7000000002,4967209285.03,66758.12000000011,185656.99000000022,2
520104,0.2057119532715899,2528312,0.28743011147358394,1,1,149499,0.143714857976389,71779.79000000004,107516.95999999996,414094.7999999998,10719323183.050001,99902.71999999974,281948.0599999996,2
14610,0.005778558975316338,2528312,0.6744321903309402,1,1,9854,0.3372162929258731,150383.01999999955,139215.94999999972,87442.49999999953,560601105.4499999,84345.12999999989,428659.06999999983,4
888457,0.3514032287154433,2528312,0.4809841506902629,1,1,427350,0.24049207534513145,120000.31000000052,136445.86000000034,579853.6500000004,30640698339.14,174187.85000000056,438227.54000000004,2
1018431,0.40281064995143007,2528312,0.927192925556656,1,1,944319,0.463596265017925,220852.36000000034,192053.9400000004,638341.9500000002,67707824055.89,251172.80000000075,707326.9500000002,3
295052,0.11669920484497166,2528312,0.3137239391340942,1,1,92568,0.1568619695670471,74383.8200000003,106244.70000000019,312821.39999999944,6637231822.79,74238.20000000019,266624.21999999974,4
209887,0.08301467540398495,2528312,0.3489185670122991,1,1,73236,0.17445948126655256,80967.96999999974,108452.29999999981,274497.14999999944,5251173465.870001,67929.29000000004,274754.1899999995,4
678216,0.2682485389461427,2528312,0.9385779919566889,1,1,636583,0.46928899597834445,218499.2899999991,184491.3099999996,485245.19999999925,45642352832.990005,204872.61999999918,665132.459999999,3
1033015,0.408578925385791,2528312,0.29061682260733646,1,1,300223,0.14530841130366823,79843.46999999974,117294.33999999985,644904.75,21525753736.4,168693.0,352593.4199999999,2
686106,0.27136919810529714,2528312,0.3708699717439936,1,1,254466,0.1854351836323998,92670.04999999981,119952.16999999993,488795.7000000002,18245697872.49,132538.3200000003,349726.76999999955,2
508395,0.20108080015441132,2528312,0.5077059318628397,1,1,258125,0.25385316369182287,120477.83999999985,131698.90000000037,408825.75,18507422229.339996,126475.28000000026,400888.0,2
302037,0.11946191767471737,2528312,0.22335692746781252,1,1,67465,0.11167846373390626,54435.18999999948,96551.91000000015,315964.64999999944,4837325475.37,63780.979999999516,218911.75,2
346362,0.13699337739962472,2528312,0.3759480633719256,1,1,130219,0.1879740316859628,88923.70000000019,113990.15000000037,335910.9000000004,9337098952.59,88608.99000000022,307071.96999999974,4
1046690,0.4139876724075193,2528312,0.27414140343438625,1,1,286952,0.13707089947759613,76382.95999999996,115632.22000000067,651058.5,20574147430.15,168354.1299999999,345341.5499999998,2
576445,0.22799599100111062,2528312,0.15453353858226357,1,1,89084,0.0772665715307288,43104.6799999997,93740.04000000004,439448.25,6387374073.09,90233.12000000011,197605.21999999974,2
56315,0.022273754188565337,2528312,0.7309244270485604,1,1,41164,0.36546201576387727,163511.7000000002,146194.9500000002,187797.75000000047,2341651071.9599996,95218.6400000006,463828.08000000054,4
1170600,0.46299665547606467,2528312,0.730882501843127,1,1,855604,0.3654414486819665,179485.51999999955,172963.4500000002,706818.0,61345676087.170006,246482.7999999998,617996.5300000003,3
38213,0.015114036558779138,2528312,0.7597954682808135,1,1,29035,0.37989773414040673,169655.1000000001,148821.59000000032,153111.8500000001,1651728610.05,97006.55000000028,478063.7000000002,4
558451,0.22087898961836988,2528312,0.9381955233373096,1,1,523957,0.4690979594290578,216697.9500000002,181322.1400000006,431350.9500000002,37568952357.69,188265.96999999974,648052.4900000002,3
142909,0.05652348286129243,2528312,0.40812565854214194,1,1,58327,0.20406263151066797,93143.90000000037,113525.2100000009,244357.05000000075,4182697310.3100004,67009.29000000097,298462.85000000056,4
84030,0.03323561332620341,2528312,0.6276950787719238,1,1,52747,0.3138473416255589,141008.6299999999,135866.90999999968,217861.5,3000585000.4500003,85256.6499999999,409536.5100000007,4
511480,0.20230098184084874,2528312,0.7087843588924152,1,1,362543,0.3543921794462076,165127.20999999996,154678.84999999963,410214.0,25993963236.27,152539.96999999974,512897.6299999999,4
960971,0.38008402444002165,2528312,0.20443125690183805,1,1,196460,0.10221562845091903,59690.96999999974,106034.74000000022,612484.9500000002,14086122634.9,147564.0499999998,268997.5700000003,2
254969,0.10084554437901651,2528312,0.4534187236385383,1,1,115612,0.22670936181926915,104796.33999999985,120615.73000000045,294784.0499999998,8289339849.14,86645.33999999985,337452.0099999998,4
617860,0.24437648518062643,2528312,0.5172700204721569,1,1,319613,0.25863501023607843,124169.31000000052,135018.53000000026,458085.0,22916791487.07,142298.77000000048,421043.1900000004,2
845462,0.33439781166248467,2528312,0.9849959182252823,1,1,832809,0.49249776135223816,231197.75999999978,194154.79000000004,560505.9000000004,59711562030.47,234332.16999999993,715236.5499999998,3
47189,0.018664231313224002,2528312,0.47216601432101735,1,1,22282,0.23608320492091167,105977.33000000007,118451.74000000022,171319.05000000028,1267569212.49,62507.71000000043,320601.8100000005,4
326940,0.12931157230594958,2528312,0.9538087071532311,1,1,311850,0.47690435357661554,216838.35000000056,176980.9500000002,327171.0,22360093215.170002,158785.60000000056,624801.4000000004,4
717249,0.2836869025658226,2528312,0.8293600631567623,1,1,594881,0.4146798338179782,194828.51999999955,173185.7399999993,502810.0499999989,42652927575.49,196142.5399999991,609072.3499999996,3
256388,0.10140678840269714,2528312,0.8069949436620164,1,1,206912,0.4034976695914112,183258.41999999993,159236.91999999993,295422.60000000056,14836828762.34,131045.47000000067,533134.6600000001,4
924454,0.3656407911681786,2528312,0.48010016168890546,1,1,443848,0.24005027860485573,120319.87000000011,137073.89999999944,596052.2999999998,31823635845.379997,178984.26999999955,442738.3599999994,2
576140,0.22787535715528778,2528312,0.8381228266131712,1,1,482895,0.4190614133065856,194747.56000000052,170631.27000000048,439311.0,34623305521.66999,177861.73000000045,594230.5600000005,3
178563,0.07062538167757777,2528312,0.21330990795439803,1,1,38091,0.10665495397719901,50438.390000000596,93287.62000000104,260401.35000000056,2731510855.14,47194.860000000335,197908.7600000007,4
796166,0.31490021801106827,2528312,0.3372598002145305,1,1,268525,0.16862990010726525,86792.22999999952,118243.26999999955,538322.6999999993,19253749847.05,142893.44999999925,346320.6099999994,2
210822,0.08338448735757296,2528312,0.6621053888918773,1,1,139592,0.33105249668553566,150462.77999999933,142490.81999999937,274917.89999999944,10009792700.91,107071.94999999925,446619.07999999914,4
799826,0.31634782416094215,2528312,0.896958919627008,1,1,717439,0.448479459813504,211011.41000000108,182934.60000000056,539969.7000000011,51440573612.74,216418.2100000009,658874.3100000005,3
853023,0.33738834447647287,2528312,0.9225811529589703,1,1,787013,0.46129037871908213,217458.99000000022,187228.08999999985,563908.3499999996,56429700906.48,227222.08000000007,680952.4100000001,3
65665,0.025971873724445402,2528312,0.865333075981129,1,1,56824,0.4326665379905645,193464.75,160712.14000000013,202981.25,3232506679.33,112696.75,539422.96,4
83181,0.032899816161929385,2528312,0.008549973262793517,1,1,711,0.00427478887099377,1740.7800000002608,47648.62000000011,217479.4500000002,27018968.57,8526.810000000056,55944.419999999925,2
887809,0.3511469312331706,2528312,0.20334159708137287,1,1,180535,0.10167099630108942,58398.42000000086,104628.69000000041,579562.0500000007,12944701439.56,137628.75000000093,258751.79000000097,2
996259,0.3940411626413196,2528312,0.15185507168419088,1,1,151293,0.07592733808169246,48533.90000000037,100573.79000000004,628364.5500000007,10847741567.96,145338.66000000015,251963.15000000037,2
1254629,0.4962318732814621,2528312,0.3812417138391148,1,1,478335,0.1906208569195574,103127.70000000019,132080.61000000034,744631.0500000007,34296649433.829998,211126.38000000082,433348.3100000005,2
45120,0.017845898765658667,2528312,0.9863209129253036,1,1,44505,0.4931606542230548,220012.18000000017,173031.91000000015,167312.0,2531698798.8799996,125525.22999999998,604893.9699999997,4
777255,0.3074205240492471,2528312,0.7726111334360632,1,1,600539,0.3863055667180316,183102.40000000037,168248.8700000001,529812.75,43059359491.1,197068.99000000022,585602.3799999999,3
207746,0.08216786535838931,2528312,0.13050564961919256,1,1,27113,0.06525302256999928,32484.62000000011,84878.34000000078,273533.7000000002,1944276770.53,40457.16000000015,140853.22000000067,2
760535,0.3008074161733204,2528312,0.7880645268463702,1,1,599374,0.39403206566278215,186289.52999999933,169590.00999999978,522288.75,42975780392.07001,196767.8599999994,591933.5799999991,3
540055,0.2136029888716266,2528312,0.15524824467866308,1,1,83846,0.07762412233933154,42739.270000000484,93199.79000000004,423072.75,6011927312.679999,85603.36000000034,193174.8700000001,2
1018483,0.40283121703334085,2528312,0.9680268890864735,1,1,985957,0.48401344454323675,229914.15999999922,196785.08999999985,638365.3499999996,70692566172.54001,256600.25999999978,730533.6299999999,3
353987,0.14000922354519538,2528312,0.342229123620819,1,1,121149,0.1711145618104095,81552.75,110454.38999999966,339342.14999999944,8687039375.67,85340.64999999944,289732.54000000004,2
984970,0.38957612826265114,2528312,0.8722550856065232,1,1,859178,0.43612734504285866,208185.00999999978,184836.96999999974,623284.4999999991,61603438066.7,239163.14999999944,671354.8999999994,3
1043241,0.41262352114770645,2528312,0.8189681495005363,1,1,854414,0.40948427251067115,197201.43999999948,180132.61000000034,649506.4500000002,61260869284.21999,240308.4299999997,649549.8399999999,3
437746,0.17313765073297915,2528312,0.8091885020519619,1,1,354233,0.40459405326557796,186345.5700000003,163972.25000000093,377033.7000000002,25398210467.3,155394.4600000009,558883.4500000002,4
699767,0.2767724078357418,2528312,0.47401744721379324,1,1,331715,0.23700872360689662,115748.53000000026,131835.75,494943.14999999944,23784482417.489998,147717.66999999993,408339.53000000026,2
634598,0.2509967124310607,2528312,0.2820632896572891,1,1,179004,0.14103164482864455,72228.00999999978,109015.75999999978,465617.0999999996,12834834583.220001,114239.19999999925,294352.5999999996,2
934394,0.3695722679795848,2528312,0.10422368758286162,1,1,97390,0.05211184379143081,37076.18000000063,94043.43000000063,600525.3000000007,6982768696.889999,130786.98000000045,224285.97000000067,2
557419,0.22047081214660216,2528312,0.6202628473068197,1,1,345760,0.31013142365340984,146148.5599999996,145925.09999999963,430886.5499999998,24791903424.679996,147405.5499999998,469893.78000000026,3
285330,0.11285395156926835,2528312,0.8270011770699186,1,1,235977,0.4135003907745563,188109.1400000006,162124.56000000052,308446.50000000093,16919606619.599998,137341.54000000097,548164.5200000005,4
180620,0.07143896797547138,2528312,0.13578901654542636,1,1,24527,0.0678943105123102,33270.4299999997,84991.72999999952,261327.0,1758860559.62,37810.46999999974,139564.7399999993,2
397657,0.15728161714218813,2528312,0.14169058249140137,1,1,56346,0.07084529124570069,37690.98000000045,89290.3200000003,358993.6500000004,4040370658.34,65601.41000000015,169397.58000000007,2
260108,0.10287812580092963,2528312,0.1777205503118286,1,1,46228,0.08886007739551131,43712.85000000056,90870.02000000048,297096.60000000056,3314986227.78,52816.15000000037,166219.10000000056,2
147088,0.05817636430946813,2528312,0.5907763757004674,1,1,86899,0.2953883856106367,133723.91999999993,133175.08000000007,246237.60000000056,6230867283.95,90163.37999999989,399020.6900000004,4
442500,0.17501795664459133,2528312,0.315997392726847,1,1,139834,0.1579986963634235,77001.0,109238.13999999966,379173.0,10026158376.67,93438.51999999955,287138.08999999985,2
530365,0.20977039226171454,2528312,0.8859223070570404,1,1,469880,0.4429611535285202,204694.45999999996,174786.89999999944,418712.25,33690690572.22,177722.75999999978,614711.5499999998,3
931327,0.36835920566765495,2528312,0.3103189005154427,1,1,289020,0.15515964801812435,82751.25,117689.6400000006,599145.1500000004,20722347222.33,157543.10000000056,349734.29000000004,2
700484,0.2770559962536269,2528312,0.7456184205113926,1,1,522314,0.3728092102556963,176014.16999999993,163329.6799999997,495265.7999999998,37450358218.67,182986.86000000034,559676.8799999999,3
449912,0.17794955685848898,2528312,0.15033587626843523,1,1,67641,0.07516793813421761,40357.70999999903,91124.44999999925,382508.39999999944,4850093025.47,73366.31999999937,179566.2899999991,2
1184347,0.4684338799958233,2528312,0.9396304728213923,1,1,1112892,0.4698154341710991,225993.5700000003,197826.3200000003,713004.1500000004,79793897750.0,276463.4400000004,738437.8300000001,3
974050,0.385257041061388,2528312,0.805538636054411,1,1,784665,0.4027691202668025,193230.02999999933,176858.7399999993,618370.5,56260809204.8,228804.5,632056.46,3
17311,0.006846860672258804,2528312,0.8792791395998595,1,1,15222,0.43963956979992974,195865.70999999996,160961.1000000001,98941.95000000019,865956202.8299999,109712.77000000002,542487.4199999999,0
689733,0.2728037520685738,2528312,0.758407981293448,1,1,523119,0.379203990646724,178696.29000000004,164510.1799999997,490427.8499999996,37508103291.149994,183164.86999999918,565348.3699999992,3
41505,0.016416091052053702,2528312,0.49504531086353265,1,1,20548,0.24752245767136336,110973.68000000017,120764.16000000015,160049.25,1168916571.64,64787.080000000075,332560.54000000004,4
605501,0.23948824353956316,2528312,0.7274224858324447,1,1,440472,0.36371144067662536,170610.16999999993,158999.29000000004,452523.4500000002,31581540561.809998,167653.06000000052,536267.2800000003,3
868603,0.34355055863358636,2528312,0.6626800806229611,1,1,575628,0.33134004031148057,160023.95999999996,157908.25,570919.3500000006,41272660094.33,195318.02000000048,536754.5899999999,3
717854,0.2839261926534383,2528312,0.6204475555232107,1,1,445408,0.31022358000120237,148492.68999999948,149623.58999999985,503082.2999999998,31936467053.909996,169140.58000000007,492108.3499999996,2
235593,0.09318193324241629,2528312,0.16916068902888567,1,1,39855,0.08458054227484582,41462.41000000015,89521.83000000007,286064.8499999996,2857827763.41,48704.96999999974,159692.40000000037,2
749095,0.29628265815294946,2528312,0.6901438588275498,1,1,517003,0.34507212717417785,164402.6200000001,158228.41999999993,517140.75,37069802447.84,182457.91999999993,535396.46,3
509687,0.20159181303573293,2528312,0.06402137078018852,1,1,32632,0.03201068539009426,22068.479999999516,76063.23999999929,409407.14999999944,2339825666.5000005,70039.56999999937,146250.94999999925,2
7209,0.002851309490284427,2528312,0.3239892861324077,1,1,2336,0.16199464306620384,72531.4599999995,101975.3999999999,50056.049999999814,132935056.64999999,40756.419999999925,236672.28999999957,4
738967,0.2922768234300197,2528312,0.7010946433826205,1,1,518106,0.35054732169131025,166685.16000000015,159224.89999999944,512583.14999999944,37147710829.9,182489.76999999955,540105.8799999999,3
135637,0.05364725556023149,2528312,0.5016512993649518,1,1,68045,0.2508258474428789,113786.9299999997,123392.89999999944,241084.64999999944,4879122359.860001,77701.34999999963,348618.0800000001,4
4869,0.0019257908042994694,2528312,0.4123517983540006,1,1,2008,0.2061758991770003,92100.51000000024,111271.93000000017,35771.05000000028,114281948.07000001,51402.830000000075,284271.16000000015,0
758645,0.30005988185002486,2528312,0.731520081382361,1,1,554986,0.3657602384515835,173717.41000000015,163139.65000000037,521438.25,39793232606.61,189150.25999999978,559914.4299999997,3
539454,0.21336528086723475,2528312,0.4332475580545439,1,1,233726,0.21662358126686895,104401.88999999966,124066.20000000019,422802.2999999998,16758041974.41,121075.09999999963,364087.9399999995,2
884336,0.34977328747401426,2528312,0.5852612335819314,1,1,517588,0.29263081455136863,143074.6299999999,148304.35000000056,577999.2000000002,37110855336.189995,187321.49000000022,495671.23000000045,2
188777,0.0746652311898215,2528312,0.4707057515053522,1,1,88862,0.23535307351307908,107683.44000000041,121152.33999999985,264997.6500000004,6372386037.809999,80456.83000000007,338398.80000000075,4
896539,0.35459982786934524,2528312,0.33777516382471784,1,1,302840,0.16888738415195592,88347.72999999952,120193.1099999994,583490.5499999998,21713991691.420002,156467.2399999993,360251.27999999933,2
1087411,0.4300936751476875,2528312,0.4820773701979819,1,1,524237,0.24103868509899096,123099.34000000078,140609.36000000034,669382.9500000002,37587611033.96,201610.25000000093,466612.3300000001,2
282463,0.1117199934185338,2528312,0.4243376608583118,1,1,119864,0.2121688304291559,98741.70000000019,118012.28000000026,307156.35000000056,8595176475.26,86508.38000000082,325125.830000001,4
335673,0.13276565550454217,2528312,0.6423336993219191,1,1,215622,0.32116684966095954,147863.53000000026,143248.50999999978,331100.85000000056,15460152088.79,120756.50999999978,452144.1799999997,4
913784,0.3614205841684096,2528312,0.7422616354310703,1,1,678293,0.37113061995513213,178326.9299999997,168101.8799999999,591250.7999999998,48634192975.49,212035.33999999985,587816.7599999998,3
940662,0.37205139239144536,2528312,0.5515280550818096,1,1,518822,0.27576422530130773,136400.4500000002,145623.8200000003,603345.9000000004,37199248760.380005,190621.66000000015,484736.11000000034,2
362815,0.1435008812203557,2528312,0.2544630567746386,1,1,92327,0.1272315283873193,62209.87999999989,101027.52999999933,343314.75,6619830598.2,75404.13999999966,243450.01999999955,2
68614,0.027138264581270034,2528312,0.6589072076547515,1,1,45212,0.3294538015877787,147714.33000000007,138832.90000000037,207464.30000000028,2571943829.7799997,87568.02000000048,425219.8799999994,4
619951,0.24520351918592326,2528312,0.8690695610351887,1,1,538801,0.43453497827799736,202241.65000000037,175193.4299999997,459025.9500000002,38632391924.07001,187849.60000000056,617746.6000000006,3
1258034,0.497578621625812,2528312,0.612793436885954,1,1,770945,0.306396520682574,154543.13999999966,161101.95999999996,746163.2999999998,55276786328.08,242869.16999999993,563917.4699999997,2
955715,0.37800516708380927,2528312,0.13708039197693955,1,1,131015,0.06854019598846978,44668.830000000075,98180.02999999933,610119.75,9393668005.45,137961.20999999996,240479.95999999996,2
939198,0.3714723499314958,2528312,0.6163681539303694,1,1,578914,0.3081842747255877,150761.84999999963,154228.43999999948,602687.0999999996,41508752533.0,198971.33999999985,520749.0999999996,2
736524,0.2913105661010192,2528312,0.6414410088628302,1,1,472455,0.3207207021918181,153416.16999999993,152424.8799999999,511483.7999999998,33875100892.2,174407.97999999952,506415.41000000015,3
1216533,0.4811641126569822,2528312,0.24832932011555536,1,1,302113,0.12416466005777768,73093.47999999952,115684.97999999952,727487.8499999996,21661634450.440002,187979.91999999993,354169.5099999998,2
871695,0.3447735089656656,2528312,0.7014142241938495,1,1,611443,0.35070711209692473,168660.76999999955,162412.00999999978,572310.75,43840370690.4,200825.33999999985,558911.8899999997,3
820,0.0003243270609007116,2528312,0.765049566667405,1,1,627,0.3825247833337025,170287.75,148468.6000000001,6753.0,35755131.28,94312.81000000006,477637.98,0
418200,0.16540680105936292,2528312,0.9452061296232427,1,1,395301,0.47260306481162134,216240.58000000007,178431.8799999999,368238.0,28343999214.67,169998.5499999998,632490.7199999997,4
1118983,0.4425810580339768,2528312,0.24134600476523468,1,1,270073,0.12067300238261734,70143.68999999948,113116.06999999937,683590.3499999996,19364144883.109997,173780.3799999999,337053.89999999944,2
1143874,0.45242596641553734,2528312,0.40594989858846536,1,1,464374,0.20297494929423268,107016.69999999925,132838.54000000004,694791.2999999998,33295596728.66,199203.1200000001,431949.51999999955,2
2557,0.0010113467008818532,2528312,0.5886152500166119,1,1,1505,0.2943078227687089,131168.90999999968,129856.84999999963,19990.649999999907,85687613.2,72822.72999999952,380392.3099999996,0
1175229,0.4648275212869298,2528312,0.7664904489635773,1,1,900837,0.3832454222421916,187453.66000000015,177258.28000000026,708901.0500000007,64590482440.75,251918.02000000048,638800.5,3
414628,0.16399400074041495,2528312,0.17643036144273333,1,1,73156,0.08821537848176965,45640.78000000119,93391.97000000067,366630.60000000056,5245467901.619999,72159.19000000041,185593.49000000115,2
492998,0.19499096630479149,2528312,0.9385408130009271,1,1,462717,0.46927040650046353,215834.27999999933,179651.38999999966,401897.0999999996,33176989905.120003,179332.5599999996,639108.1299999999,4
590267,0.2334628795813175,2528312,0.9236047608048373,1,1,545195,0.4618021826420157,213915.75999999978,180524.47999999952,445668.14999999944,39090670891.72,190772.5499999998,644292.7199999997,3
764289,0.30229220127895606,2528312,0.7195915693949164,1,1,549997,0.3597957846974582,171154.08000000007,161922.99000000022,523978.0499999998,39435424302.16,188377.6200000001,554014.5300000003,3
669397,0.26476044095823614,2528312,0.02893748872765703,1,1,19371,0.014468942124231504,16572.409999999218,65822.44999999925,481276.64999999944,1389015017.6999998,86137.33999999892,144469.5599999996,2
490604,0.19404408949528382,2528312,0.736314189071602,1,1,361253,0.368157094535801,170937.78000000026,157225.6200000001,400819.7999999998,25902044197.51,153244.0499999998,525396.4000000004,4
652879,0.2582272282851167,2528312,0.9308392318669532,1,1,607749,0.4654196159334766,216417.86000000034,182961.70999999996,473843.5499999998,43576050833.82,200356.95999999996,657183.4700000007,3
248900,0.09844512860754527,2528312,0.641056958160227,1,1,159565,0.3205284790801135,146340.08000000007,141103.71999999974,292053.0,11441639577.67,109329.37000000011,439952.1099999994,4
1046790,0.41402722448811696,2528312,0.008544831492315821,1,1,8945,0.0042724157461579105,4269.7400000002235,51343.03000000026,651103.5,339269879.47999996,132764.40000000037,180180.0,2
75502,0.02986261189283601,2528312,0.8316125541467984,1,1,62791,0.4158062770733992,186125.47999999998,157373.2999999998,214023.8999999999,3571912440.58,109538.20999999996,521644.89000000013,4
905742,0.35823980584674675,2528312,0.585552732415936,1,1,530380,0.292776366207968,143444.90000000037,148795.7600000007,587631.9000000004,38028917943.96,190300.70999999996,498832.80000000075,2
598075,0.23655110603438184,2528312,0.8969735538968292,1,1,536478,0.4484865791880116,208120.91999999993,177754.7000000002,449181.75,38466264915.37,188428.54000000004,630390.8799999999,3
539488,0.21337872857463794,2528312,0.34228963830413334,1,1,184668,0.17114501691246967,84224.27000000048,113965.12000000011,422817.60000000056,13241323941.99,109449.66000000015,314331.20999999996,2
1087709,0.43021154034786846,2528312,0.25001265666579126,1,1,271952,0.12500632833289563,71617.77000000048,113567.48000000045,669517.0500000007,19499033548.359997,170698.88000000082,337589.17000000086,2
614792,0.2431630273478906,2528312,0.8569828407253535,1,1,526887,0.42849142036267673,199487.97000000067,173712.5,456704.4000000004,37778597759.15,185585.72000000067,610230.6900000004,3
366866,0.14510313600536642,2528312,0.3862608728669563,1,1,141711,0.19313043643347816,91505.33999999892,115511.87999999896,345137.69999999925,10160956978.199999,92548.26999999955,315383.37999999896,2
27056,0.010701210926499578,2528312,0.33121901094485173,1,1,8962,0.1656093077120229,74420.93999999948,103110.56999999983,126899.19999999972,509858172.11,43340.389999999665,242256.71999999974,4
675322,0.2671039017336468,2528312,0.5677523185429646,1,1,383430,0.2838763570318853,136192.31999999937,141879.61999999918,483942.89999999944,27491525008.43,156544.2399999993,456907.7999999998,2
85691,0.03389257338493034,2528312,0.9448912950616855,1,1,80972,0.4724456475308427,211400.9200000004,169696.10000000056,218608.9500000002,4606133659.320001,124549.3900000006,585856.8900000001,4
174087,0.06885503055002705,2528312,0.6620167922313386,1,1,115253,0.3310081983552663,149916.63999999966,141624.95999999996,258387.14999999944,8265144031.950001,102392.06999999937,441811.94999999925,4
800249,0.3165151294618702,2528312,0.6781057875768497,1,1,542675,0.33905309154882785,162465.45999999903,158066.45999999903,540160.0499999989,38909111194.14,187916.43999999948,535808.7399999993,3
246878,0.09764538553786084,2528312,0.388888317581058,1,1,96012,0.194444356550932,90364.30000000075,113475.98000000045,291143.10000000056,6884406254.299999,77555.12000000104,301191.9400000004,4
805752,0.3186916804571588,2528312,0.471734501121697,1,1,380116,0.2358672505608485,116761.88999999966,133719.0499999998,542636.3999999994,27254760642.789997,161732.95999999996,421659.7599999998,2
745406,0.29482358189970226,2528312,0.7662195172114834,1,1,571167,0.3831097586057417,181224.8700000001,166745.90000000037,515480.7000000002,40952644564.29,191836.1200000001,577529.7999999998,3
1146471,0.4534531339486582,2528312,0.537093918788504,1,1,615786,0.268546761633849,136149.84999999963,148251.0700000003,695959.9500000002,44151596519.72,217129.41000000015,505614.61000000034,2
522791,0.2067747176772487,2528312,0.7115209673489664,1,1,371991,0.3557606814348862,165898.1099999994,155252.3799999999,415303.9500000002,26672682190.000004,154416.54000000004,515976.70999999996,4
1183270,0.46800790408778664,2528312,0.5602564082280984,1,1,662960,0.2801284018744522,141814.14999999944,151740.82999999914,712519.4999999991,47534454493.2,225348.47999999952,523787.2399999993,2
1019882,0.4033845506409019,2528312,0.5635064026908071,1,1,574732,0.28175320134540355,140192.3200000003,148672.5499999998,638994.9000000004,41207719513.26,203122.72999999952,502532.1799999997,2
316891,0.12533698372669197,2528312,0.8907488474523714,1,1,282281,0.4453746214865887,202705.51999999955,169852.08000000007,322648.9500000002,20239711365.090004,149519.27999999933,588070.3700000001,4
132039,0.05222417170032812,2528312,0.030212647806125193,1,1,3989,0.015106521663465586,9148.389999999665,57812.25,239465.5499999998,286125462.88,18891.319999999367,77860.55999999959,2
960146,0.37975771977509104,2528312,0.8190235224133731,1,1,786413,0.40951195896708953,196019.52000000048,178068.8700000001,612113.7000000002,56385012598.11,228631.92000000086,637691.2000000002,3
512085,0.20254027192846452,2528312,0.5769058565556783,1,1,295436,0.28845292827783914,135883.8700000001,139442.83000000007,410486.25,21183150604.5,135797.02999999933,439653.6099999994,4
379059,0.1499257211926376,2528312,0.7298948863906037,1,1,276684,0.36494744319530187,167915.9500000002,153839.34000000078,350624.55000000075,19839660157.239998,137519.77000000048,506633.0600000005,4
600444,0.23748809482374011,2528312,0.9841411977635671,1,1,590945,0.49207059888178356,227492.8700000001,187550.04000000097,450247.80000000075,42371863458.07001,199956.34000000078,679874.3000000007,3
311310,0.12312958210853724,2528312,0.981723379076633,1,1,305632,0.49086188729871943,222807.83999999985,179606.83000000007,320137.5,21915729047.499996,160205.90000000037,638343.9500000002,4
827879,0.32744336933100027,2528312,0.562163609554517,1,1,465421,0.28108160701685553,137141.65000000037,144469.0,552593.5499999998,33370317237.579998,176559.9400000004,474922.6400000006,2
609676,0.24113954290451495,2528312,0.38010380048032044,1,1,231749,0.19005170247975725,93621.54000000097,119518.2100000009,454402.2000000011,16616793344.82,123563.10000000056,344426.80000000075,2
545100,0.21559839133777794,2528312,0.7934970051164572,1,1,432552,0.3967485025582286,184402.31999999937,164892.29000000004,425343.0,31013526874.67,167912.93999999948,564887.2999999998,3
562259,0.2223851328475283,2528312,0.1602701723521464,1,1,90117,0.08013488841567022,44170.78000000026,94136.48000000045,433064.55000000075,6461515280.849999,89123.88000000082,198100.13000000082,2
346804,0.13716819759586632,2528312,0.3426115922401982,1,1,118824,0.1713055983596961,81532.84999999963,110360.29000000004,336109.7999999998,8520368503.24,84466.45000000019,289000.2599999998,2
375178,0.1483907049446429,2528312,0.5461117931647677,1,1,204897,0.27305569882198083,127086.97000000067,133164.830000001,348878.10000000056,14691843163.1,113802.34000000078,404195.8900000006,4
897170,0.3548494014979164,2528312,0.017382743901860214,1,1,15596,0.008691174190527118,17143.669999999925,65164.27999999933,583774.4999999991,1118262061.4,114296.19999999925,167014.52999999933,2
484573,0.19165870351443967,2528312,0.9384787162343888,1,1,454779,0.46923955587759736,215699.45999999996,179425.91999999993,398105.85000000056,32608741722.49,178173.53000000026,637904.6299999999,4
32870,0.013000768892446819,2528312,0.18019018222434574,1,1,5923,0.09009489335176987,40998.33999999985,87210.87999999989,141119.5,337000630.75,25311.850000000093,138744.2999999998,4
57311,0.022667692911317906,2528312,0.04533775894747167,1,1,2598,0.022668879473735835,11432.399999999907,62066.21999999974,189489.94999999972,147879546.0,10945.649999999907,77288.12000000011,4
29756,0.011769117102636067,2528312,0.7854754476504482,1,1,23374,0.3927379215856271,175233.20999999996,151338.29000000004,133670.19999999972,1329665287.89,99357.35999999987,491501.52,4
298259,0.11796764006973823,2528312,0.051712763298200536,1,1,15424,0.025856381649100268,16304.560000000522,68207.31000000052,314264.55000000075,1106020729.4,41770.700000000186,111654.4600000009,2
426769,0.16879601884577536,2528312,0.1442294305449644,1,1,61555,0.0721145175120792,38671.62000000011,90059.8200000003,372094.0499999998,4413614810.73,69631.1799999997,174131.34999999963,2
1216263,0.4810573220393686,2528312,0.6196632377649594,1,1,753703,0.3098316188824797,155466.63000000082,160955.80000000075,727366.3500000006,54040171143.13,237943.61000000034,561822.6800000006,2
940040,0.371805378450128,2528312,0.16315628767335677,1,1,153379,0.08157814383667839,50230.97000000067,100918.99000000022,603066.0,10997528039.270002,139312.8200000003,249097.5100000007,2
821052,0.3247431487885989,2528312,0.017029543822123218,1,1,13983,0.008514771911061609,15969.860000000335,63844.24000000022,549521.3999999994,1002599329.67,104240.13999999966,156788.79000000004,2
373248,0.1476273497891083,2528312,0.6966426611905493,1,1,260031,0.34832133059527465,160452.0599999996,150058.84999999963,348009.5999999996,18643880636.59,132547.71999999974,487333.6099999994,4
214775,0.08494798110359797,2528312,0.0005988185002483871,1,1,129,0.00029940925012419354,680.9900000002235,45874.69000000041,276696.75,4922593.11,24604.709999999963,69639.25,2
150729,0.05961645556402849,2528312,0.39096124212518074,1,1,58931,0.19548062106259037,89446.86000000034,111838.12000000011,247876.05000000075,4226180868.36,65839.33000000007,290106.0200000005,4
707751,0.27993024595065796,2528312,0.262728650577935,1,1,185954,0.1313643252889675,68988.15000000037,108172.53000000026,498535.9500000002,13332682878.52,121412.70999999996,293618.1900000004,2
1110108,0.4390708108809356,2528312,0.9094063549118938,1,1,1009578,0.4547033752163499,218222.33000000007,192358.78000000026,679596.6000000006,72386436442.68,261824.91999999993,710468.1500000004,3
1146510,0.45346855926009133,2528312,0.5689808061663276,1,1,652367,0.2844902053227608,143222.2000000002,151986.77000000048,695977.5,46774105087.05,221403.6799999997,523465.8499999996,2
803145,0.31766055771597806,2528312,0.07823361990134128,1,1,62835,0.03911700771107363,29428.860000000335,85998.20000000019,541463.25,4505275707.96,110019.33999999985,193588.84999999963,2
943245,0.3730730226332826,2528312,0.9696777929306193,1,1,914679,0.48483889646530964,229196.66000000015,194988.29000000004,604508.25,65581667285.82,246135.8799999999,720603.8200000003,3
1140969,0.45127697847417564,2528312,0.3962181091574141,1,1,452090,0.19810925233911006,104820.25,131643.24000000022,693484.0499999998,32414898809.79,197504.23000000045,426102.8200000003,2
763320,0.3019089416179649,2528312,0.9216243881293131,1,1,703522,0.46081219406465657,215958.08000000007,184792.41999999993,523542.0,50442530239.27,214529.86999999918,667624.7999999998,3
790395,0.312617667439778,2528312,0.0890637706105892,1,1,70398,0.04453168754489161,31647.37999999989,89944.40000000037,535725.75,5047687026.87,109754.6799999997,199150.33999999985,2
286444,0.11329456174712614,2528312,0.8924222959824578,1,1,255639,0.4462111479912289,202640.29000000097,169254.31000000052,308947.80000000075,18330400421.01,145691.40000000037,584894.1200000001,4
896035,0.35440048538313307,2528312,0.4373910340179535,1,1,391933,0.21869531924857374,110440.62999999989,131604.39999999944,583263.75,28101958124.87,169493.3099999996,415144.8599999994,2
496658,0.1964385724546654,2528312,0.6245044124301115,1,1,310177,0.3122522062150557,146223.20999999996,145003.50999999978,403544.0999999996,22240728840.41,139810.16999999993,463964.3799999999,4
642854,0.2542621322052025,2528312,0.9568257398612197,1,1,615123,0.47841286993060983,222041.0599999996,185612.59999999963,469332.2999999998,44104174096.25,202320.58000000007,670431.8899999997,3
888267,0.35132807976230784,2528312,0.9038492875879243,1,1,802891,0.45192444603355914,213807.25999999978,185995.08999999985,579768.1499999994,57566871334.11,229714.76999999955,675385.7699999996,3
876128,0.3465268526985594,2528312,0.4512026205626521,1,1,395327,0.22560111252092305,113215.09000000078,132788.18000000063,574305.6000000006,28344902317.67,168597.61000000127,420022.7100000009,2
1110882,0.43937694398476135,2528312,0.37562175870699505,1,1,417288,0.18781068159309453,99817.86000000034,128653.47999999952,679944.9000000004,29919854724.059998,190623.9299999997,410459.7000000002,2
1213681,0.4800360873183373,2528312,0.4961409034960875,1,1,602180,0.24807064950844673,128025.58999999985,144826.75999999978,726204.4499999993,43176239275.03999,220952.16999999993,492222.96999999974,2
770090,0.3045866174744256,2528312,0.6908538186742775,1,1,532040,0.34542690933713877,164862.49000000022,158804.2000000002,526588.5,38147896013.13,185434.68000000063,538726.9300000006,3
892333,0.3529362673594082,2528312,0.5867274292096861,1,1,523577,0.29336371460484306,143513.63999999966,148642.56999999937,581597.8499999996,37540463616.619995,188612.61999999918,497606.63999999966,2
681068,0.2693765642847876,2528312,0.2566487047484646,1,1,174802,0.1283243523742323,67256.76999999955,107006.79999999981,486528.5999999996,12533347984.63,117094.71999999974,286759.33999999985,2
249337,0.09861797119975699,2528312,0.4814840889890172,1,1,120056,0.2407420444945086,110942.46999999974,123540.01999999955,292249.64999999944,8607989358.019999,89437.52999999933,352096.39999999944,4
630771,0.24948305430658874,2528312,0.852888804862691,1,1,537998,0.4264442046709425,198809.95999999996,173656.1299999999,463894.9500000002,38573935606.2,187256.8799999999,610160.7199999997,3
314278,0.12430348786067542,2528312,0.9566975911200832,1,1,300681,0.4783487955600416,217297.85000000056,176963.25000000093,321473.10000000056,21559711206.55,157455.99000000115,624699.0100000007,4
778601,0.3079528950540914,2528312,0.7887036884688282,1,1,614109,0.3943516464740111,186692.35000000056,170107.8799999999,530418.4500000002,44032576371.170006,199352.3700000001,594840.8399999999,3
816401,0.32290358152000226,2528312,0.5785381709219432,1,1,472337,0.2892688877005686,140607.28000000026,146090.61000000034,547428.4500000002,33866559487.98,177130.52000000048,482443.54000000004,2
